[196, 176, 125]
[196, 165, 121]
[174, 137, 85]
[200, 154, 104]
[214, 184, 130]
[203, 188, 133]
[198, 176, 118]
[188, 186, 138]
[197, 151, 99]
[219, 191, 128]
[215, 185, 123]
[206, 180, 106]
[201, 174, 105]
[226, 187, 118]
[199, 158, 94]
[188, 135, 85]
[226, 188, 115]
[197, 168, 108]
[159, 128, 82]
[119, 92, 65]
[190, 153, 100]
[186, 139, 95]
[199, 152, 98]
[200, 161, 102]
[175, 134, 88]
[204, 171, 104]
[186, 168, 106]
[175, 166, 109]
[207, 175, 114]
[211, 183, 118]
[218, 193, 127]
[167, 64, 19]
[188, 146, 104]
[184, 53, 7]
[186, 52, 0]
[196, 54, 8]
[189, 54, 7]
[185, 53, 4]
[176, 54, 3]
[187, 57, 5]
[182, 52, 3]
[186, 60, 12]
[172, 63, 7]
[176, 73, 28]
[182, 72, 19]
[169, 63, 5]
[215, 118, 67]
[216, 92, 32]
[200, 87, 29]
[167, 56, 0]
[203, 92, 36]
[214, 113, 59]
[193, 96, 41]
[214, 93, 46]
[183, 78, 20]
[192, 52, 1]
[201, 72, 15]
[190, 80, 19]
[198, 61, 9]
[195, 67, 18]
[224, 100, 40]
[198, 42, 1]
[204, 60, 10]
[170, 74, 34]
[173, 135, 98]
[184, 116, 77]
[179, 127, 88]
[166, 134, 96]
[75, 104, 82]
[76, 106, 82]
[153, 107, 74]
[197, 150, 98]
[197, 141, 90]
[178, 110, 63]
[209, 169, 118]
[210, 165, 106]
[191, 129, 80]
[216, 191, 125]
[111, 133, 97]
[183, 157, 106]
[169, 172, 119]
[142, 180, 131]
[106, 153, 107]
[179, 123, 74]
[177, 123, 77]
[185, 129, 80]
[194, 128, 70]
[190, 134, 83]
[196, 147, 91]
[183, 145, 83]
[195, 151, 90]
[190, 153, 100]
[195, 149, 87]
[180, 102, 40]
[199, 153, 101]
[172, 83, 39]
[173, 81, 42]
[193, 89, 50]
[195, 100, 52]
[189, 97, 50]
[187, 104, 54]
[200, 104, 54]
[170, 91, 50]
[189, 120, 81]
[172, 90, 43]
[198, 94, 41]
[192, 54, 5]
[212, 72, 19]
[192, 58, 5]
[190, 84, 22]
[219, 122, 54]
[191, 72, 16]
[199, 60, 5]
[207, 56, 1]
[203, 58, 5]
[220, 70, 11]
[220, 77, 17]
[211, 87, 23]
[247, 148, 89]
[196, 102, 38]
[226, 141, 76]
[219, 157, 100]
[225, 161, 117]
[194, 94, 45]
[197, 69, 6]
[191, 101, 38]
[196, 150, 98]
[194, 101, 60]
[169, 82, 54]
[173, 70, 25]
[187, 64, 20]
[198, 59, 0]
[205, 114, 67]
[184, 102, 62]
[183, 87, 36]
[185, 93, 46]
[179, 81, 32]
[197, 68, 11]
[224, 140, 93]
[203, 103, 44]
[207, 92, 37]
[205, 86, 18]
[201, 56, 0]
[219, 68, 13]
[205, 61, 0]
[213, 74, 15]
[195, 58, 3]
[209, 70, 13]
[209, 57, 8]
[210, 64, 4]
[202, 66, 4]
[210, 100, 41]
[207, 115, 52]
[189, 108, 52]
[192, 110, 54]
[196, 100, 40]
[212, 100, 28]
[218, 80, 17]
[195, 75, 22]
[189, 96, 53]
[189, 141, 93]
[180, 105, 74]
[190, 153, 111]
[122, 131, 104]
[111, 131, 106]
[180, 90, 38]
[223, 107, 60]
[187, 63, 11]
[188, 52, 4]
[193, 53, 4]
[211, 77, 26]
[201, 71, 13]
[216, 82, 29]
[219, 108, 52]
[220, 105, 48]
[231, 153, 87]
[227, 156, 90]
[220, 108, 42]
[228, 163, 79]
[205, 136, 61]
[218, 149, 71]
[202, 132, 62]
[207, 140, 70]
[210, 154, 79]
[207, 159, 85]
[200, 150, 77]
[210, 138, 62]
[215, 119, 32]
[205, 93, 19]
[192, 100, 37]
[205, 162, 107]
[179, 94, 57]
[190, 125, 67]
[180, 115, 75]
[207, 129, 63]
[195, 119, 41]
[225, 167, 83]
[214, 136, 54]
[224, 148, 72]
[208, 139, 61]
[203, 116, 45]
[210, 129, 64]
[217, 140, 68]
[208, 115, 38]
[211, 132, 63]
[214, 134, 63]
[202, 107, 61]
[233, 146, 75]
[211, 126, 35]
[222, 134, 45]
[217, 172, 105]
[219, 179, 109]
[206, 151, 71]
[229, 163, 87]
[221, 112, 47]
[208, 77, 9]
[215, 70, 7]
[198, 58, 0]
[206, 81, 14]
[220, 85, 21]
[229, 101, 28]
[234, 116, 54]
[234, 156, 73]
[174, 84, 49]
[172, 72, 40]
[195, 97, 50]
[187, 80, 36]
[190, 63, 10]
[204, 66, 4]
[197, 56, 2]
[194, 57, 2]
[193, 65, 4]
[203, 93, 30]
[204, 115, 59]
[203, 134, 67]
[212, 170, 110]
[187, 169, 121]
[192, 176, 140]
[189, 175, 130]
[225, 196, 130]
[227, 160, 81]
[226, 144, 70]
[207, 77, 15]
[208, 46, 7]
[202, 76, 18]
[207, 74, 17]
[208, 90, 28]
[202, 70, 8]
[227, 133, 63]
[205, 121, 49]
[200, 110, 47]
[210, 87, 19]
[236, 111, 44]
[208, 87, 18]
[196, 113, 63]
[172, 78, 40]
[176, 68, 30]
[186, 70, 23]
[180, 62, 12]
[208, 100, 28]
[217, 108, 25]
[214, 106, 16]
[201, 91, 16]
[196, 82, 9]
[209, 77, 12]
[205, 75, 15]
[202, 46, 6]
[190, 46, 0]
[206, 59, 5]
[198, 66, 2]
[202, 78, 18]
[198, 82, 23]
[207, 68, 3]
[206, 74, 12]
[213, 89, 25]
[224, 114, 29]
[202, 95, 13]
[228, 141, 48]
[217, 119, 46]
[180, 90, 27]
[135, 86, 46]
[101, 85, 60]
[48, 51, 44]
[28, 41, 32]
[80, 64, 48]
[130, 106, 72]
[158, 119, 78]
[177, 85, 44]
[190, 120, 50]
[172, 112, 62]
[102, 55, 25]
[74, 73, 55]
[37, 41, 26]
[58, 50, 27]
[124, 92, 71]
[140, 84, 35]
[176, 80, 30]
[213, 130, 60]
[221, 153, 70]
[205, 124, 45]
[200, 99, 17]
[210, 106, 7]
[208, 104, 17]
[207, 107, 19]
[209, 114, 24]
[232, 169, 100]
[141, 81, 45]
[103, 91, 67]
[38, 55, 47]
[68, 96, 97]
[22, 38, 37]
[27, 47, 46]
[21, 40, 46]
[35, 62, 69]
[15, 43, 44]
[12, 42, 44]
[19, 49, 49]
[25, 48, 42]
[68, 90, 77]
[188, 75, 31]
[195, 164, 118]
[148, 118, 94]
[74, 83, 66]
[42, 51, 48]
[26, 42, 42]
[21, 32, 24]
[13, 27, 14]
[26, 39, 32]
[38, 48, 40]
[59, 71, 59]
[43, 53, 45]
[23, 34, 26]
[52, 58, 48]
[67, 64, 49]
[91, 84, 66]
[78, 72, 58]
[31, 42, 36]
[25, 37, 35]
[38, 49, 45]
[38, 51, 44]
[49, 56, 48]
[45, 58, 49]
[53, 68, 61]
[66, 92, 91]
[20, 40, 39]
[43, 59, 58]
[57, 87, 89]
[31, 52, 55]
[73, 109, 105]
[65, 86, 87]
[83, 96, 89]
[185, 75, 42]
[191, 172, 130]
[116, 105, 85]
[158, 133, 93]
[184, 133, 80]
[183, 140, 87]
[161, 126, 86]
[145, 120, 89]
[111, 114, 97]
[91, 89, 68]
[124, 117, 99]
[117, 119, 98]
[132, 127, 105]
[84, 86, 65]
[137, 118, 85]
[190, 143, 91]
[168, 124, 89]
[138, 126, 102]
[108, 119, 103]
[126, 138, 116]
[57, 73, 62]
[138, 142, 119]
[119, 122, 101]
[102, 105, 94]
[71, 80, 75]
[65, 81, 80]
[92, 103, 99]
[59, 69, 68]
[35, 59, 63]
[58, 86, 89]
[142, 163, 148]
[101, 107, 97]
[193, 94, 65]
[100, 92, 81]
[59, 60, 52]
[38, 43, 36]
[38, 51, 41]
[124, 111, 76]
[120, 105, 64]
[123, 106, 60]
[165, 120, 61]
[156, 109, 53]
[169, 133, 73]
[187, 152, 88]
[169, 130, 75]
[165, 138, 91]
[155, 139, 90]
[177, 163, 114]
[127, 138, 121]
[38, 48, 39]
[23, 34, 28]
[24, 35, 31]
[29, 43, 44]
[34, 58, 68]
[35, 56, 61]
[28, 43, 40]
[45, 60, 57]
[55, 70, 67]
[66, 86, 84]
[59, 80, 81]
[37, 62, 66]
[24, 53, 57]
[21, 60, 59]
[69, 79, 70]
[199, 102, 70]
[106, 95, 77]
[75, 68, 58]
[59, 66, 59]
[76, 80, 65]
[170, 147, 97]
[170, 111, 41]
[192, 137, 73]
[187, 147, 98]
[197, 163, 92]
[183, 164, 96]
[166, 144, 86]
[151, 131, 80]
[175, 149, 92]
[167, 134, 89]
[148, 108, 59]
[157, 145, 107]
[162, 140, 91]
[180, 138, 88]
[135, 128, 110]
[16, 35, 31]
[38, 67, 73]
[18, 25, 18]
[13, 24, 16]
[17, 33, 33]
[32, 50, 50]
[16, 37, 42]
[30, 57, 68]
[50, 66, 66]
[41, 58, 52]
[53, 72, 68]
[26, 49, 39]
[187, 100, 81]
[143, 111, 88]
[57, 53, 41]
[56, 57, 51]
[93, 78, 57]
[64, 60, 48]
[42, 52, 44]
[73, 80, 73]
[51, 66, 63]
[57, 64, 57]
[69, 81, 79]
[109, 106, 89]
[116, 140, 127]
[118, 115, 98]
[42, 57, 52]
[44, 55, 51]
[36, 43, 35]
[65, 91, 92]
[42, 54, 50]
[53, 81, 84]
[34, 55, 48]
[19, 40, 45]
[11, 26, 21]
[21, 32, 26]
[11, 40, 48]
[15, 31, 28]
[15, 42, 35]
[13, 34, 29]
[44, 67, 59]
[203, 165, 103]
[139, 134, 104]
[29, 54, 50]
[197, 115, 91]
[126, 100, 75]
[118, 98, 74]
[42, 47, 41]
[93, 71, 47]
[124, 100, 72]
[62, 42, 17]
[32, 51, 45]
[91, 106, 101]
[102, 115, 105]
[73, 97, 107]
[48, 69, 74]
[51, 76, 73]
[42, 66, 68]
[37, 63, 60]
[41, 61, 60]
[55, 64, 59]
[37, 53, 52]
[21, 41, 39]
[31, 52, 57]
[25, 44, 48]
[43, 52, 51]
[25, 34, 29]
[34, 48, 48]
[49, 60, 56]
[56, 75, 69]
[37, 59, 47]
[105, 111, 99]
[103, 94, 61]
[120, 109, 79]
[161, 139, 116]
[42, 54, 34]
[211, 103, 74]
[151, 116, 78]
[157, 116, 86]
[42, 44, 33]
[53, 51, 36]
[127, 92, 64]
[110, 80, 42]
[36, 39, 22]
[163, 99, 55]
[45, 66, 69]
[43, 56, 47]
[68, 79, 75]
[42, 63, 64]
[21, 42, 43]
[31, 47, 47]
[32, 46, 47]
[35, 46, 38]
[131, 103, 66]
[131, 108, 67]
[136, 120, 84]
[25, 35, 34]
[35, 54, 50]
[26, 38, 36]
[112, 117, 110]
[75, 81, 67]
[74, 85, 79]
[58, 69, 63]
[137, 121, 95]
[145, 126, 96]
[111, 107, 72]
[66, 72, 46]
[32, 47, 40]
[198, 98, 66]
[161, 114, 84]
[74, 69, 50]
[65, 65, 55]
[123, 93, 65]
[51, 38, 29]
[106, 90, 65]
[137, 101, 67]
[89, 76, 59]
[41, 47, 33]
[138, 105, 70]
[76, 86, 85]
[48, 63, 58]
[39, 46, 38]
[48, 63, 58]
[55, 51, 39]
[138, 113, 82]
[163, 125, 76]
[170, 123, 69]
[155, 118, 74]
[109, 103, 87]
[53, 66, 59]
[71, 84, 77]
[95, 98, 81]
[37, 58, 49]
[139, 113, 86]
[144, 113, 84]
[144, 126, 102]
[152, 127, 97]
[104, 107, 78]
[44, 56, 42]
[36, 52, 42]
[203, 115, 69]
[161, 114, 70]
[135, 104, 73]
[139, 105, 59]
[168, 124, 77]
[109, 105, 76]
[61, 46, 23]
[26, 40, 23]
[41, 35, 21]
[53, 60, 44]
[36, 39, 28]
[61, 58, 39]
[106, 93, 51]
[89, 98, 93]
[113, 102, 80]
[133, 111, 74]
[137, 114, 72]
[136, 117, 84]
[142, 119, 75]
[134, 109, 68]
[80, 56, 30]
[57, 74, 66]
[98, 100, 89]
[91, 99, 84]
[73, 83, 72]
[111, 77, 40]
[126, 103, 69]
[77, 94, 75]
[167, 129, 66]
[109, 115, 89]
[173, 144, 88]
[43, 56, 38]
[215, 114, 62]
[156, 126, 98]
[119, 99, 72]
[134, 100, 62]
[133, 97, 61]
[105, 94, 64]
[50, 54, 37]
[21, 21, 9]
[19, 29, 21]
[29, 35, 23]
[131, 99, 60]
[44, 39, 19]
[29, 37, 24]
[156, 101, 60]
[44, 58, 43]
[96, 86, 59]
[69, 73, 58]
[146, 115, 68]
[142, 129, 85]
[118, 122, 85]
[157, 134, 100]
[54, 66, 56]
[88, 84, 73]
[67, 73, 61]
[90, 110, 85]
[95, 88, 62]
[125, 111, 76]
[68, 92, 76]
[146, 114, 75]
[118, 118, 92]
[144, 133, 105]
[133, 109, 71]
[232, 116, 79]
[150, 113, 84]
[82, 75, 56]
[114, 93, 64]
[143, 105, 60]
[121, 98, 64]
[61, 65, 48]
[21, 31, 22]
[40, 49, 32]
[8, 16, 5]
[39, 41, 27]
[51, 48, 29]
[47, 57, 46]
[42, 43, 35]
[32, 38, 34]
[178, 106, 58]
[122, 99, 65]
[142, 129, 97]
[48, 59, 51]
[55, 60, 40]
[38, 40, 35]
[55, 65, 54]
[89, 89, 77]
[64, 72, 61]
[89, 97, 84]
[92, 104, 82]
[109, 100, 71]
[90, 93, 74]
[141, 125, 100]
[93, 103, 79]
[104, 106, 85]
[162, 120, 78]
[206, 85, 38]
[144, 110, 73]
[139, 103, 67]
[100, 88, 66]
[114, 95, 63]
[92, 85, 57]
[137, 108, 66]
[65, 64, 44]
[15, 23, 12]
[53, 45, 26]
[26, 37, 29]
[49, 47, 34]
[43, 46, 37]
[125, 100, 69]
[51, 54, 43]
[40, 48, 37]
[120, 106, 77]
[40, 46, 42]
[122, 110, 84]
[42, 52, 43]
[34, 46, 36]
[121, 132, 116]
[77, 77, 67]
[65, 73, 62]
[83, 82, 64]
[75, 79, 64]
[101, 90, 62]
[124, 114, 87]
[104, 106, 82]
[113, 116, 95]
[131, 126, 97]
[161, 118, 75]
[192, 78, 44]
[159, 130, 90]
[130, 95, 55]
[84, 78, 56]
[100, 85, 54]
[104, 93, 65]
[66, 65, 44]
[102, 91, 61]
[96, 85, 55]
[15, 26, 18]
[109, 90, 73]
[42, 42, 30]
[49, 51, 38]
[31, 32, 18]
[31, 41, 30]
[13, 31, 19]
[39, 37, 22]
[13, 29, 18]
[92, 94, 73]
[5, 18, 9]
[29, 35, 23]
[109, 98, 76]
[49, 57, 46]
[98, 91, 72]
[63, 71, 56]
[70, 80, 69]
[101, 96, 77]
[102, 95, 76]
[105, 106, 88]
[91, 96, 73]
[144, 137, 111]
[137, 102, 64]
[225, 106, 64]
[168, 133, 93]
[137, 105, 67]
[72, 67, 45]
[107, 90, 62]
[79, 72, 53]
[65, 67, 45]
[108, 85, 53]
[81, 74, 48]
[51, 53, 40]
[17, 24, 16]
[52, 46, 32]
[43, 53, 44]
[54, 60, 48]
[22, 32, 23]
[19, 35, 32]
[38, 41, 34]
[19, 26, 18]
[19, 32, 25]
[13, 23, 14]
[14, 24, 15]
[34, 40, 28]
[143, 82, 35]
[73, 74, 58]
[66, 68, 55]
[89, 90, 72]
[108, 100, 81]
[121, 110, 88]
[97, 101, 84]
[151, 131, 96]
[152, 126, 101]
[189, 115, 70]
[160, 83, 57]
[137, 118, 85]
[122, 93, 59]
[85, 74, 56]
[110, 84, 51]
[81, 77, 50]
[84, 88, 73]
[117, 97, 60]
[112, 97, 58]
[101, 92, 63]
[45, 46, 32]
[15, 20, 13]
[141, 128, 112]
[52, 56, 41]
[21, 30, 25]
[27, 42, 37]
[19, 30, 24]
[32, 34, 23]
[21, 37, 27]
[12, 21, 16]
[16, 28, 18]
[16, 28, 18]
[19, 29, 20]
[123, 62, 18]
[172, 106, 54]
[50, 52, 38]
[105, 93, 67]
[139, 124, 101]
[111, 104, 78]
[140, 116, 80]
[143, 116, 97]
[142, 93, 60]
[170, 55, 28]
[167, 139, 91]
[120, 97, 63]
[98, 82, 56]
[77, 73, 46]
[123, 104, 71]
[148, 83, 41]
[32, 35, 16]
[36, 39, 22]
[72, 71, 51]
[108, 92, 59]
[32, 42, 31]
[20, 27, 19]
[96, 85, 65]
[17, 32, 25]
[23, 38, 33]
[8, 17, 12]
[20, 33, 26]
[20, 31, 25]
[9, 20, 14]
[18, 29, 23]
[30, 35, 29]
[31, 36, 29]
[9, 19, 10]
[27, 36, 19]
[205, 135, 86]
[164, 101, 57]
[120, 114, 90]
[120, 100, 73]
[117, 106, 84]
[138, 118, 93]
[154, 109, 68]
[172, 64, 25]
[162, 129, 84]
[97, 83, 56]
[120, 98, 59]
[61, 63, 42]
[107, 87, 52]
[102, 90, 52]
[84, 86, 65]
[93, 77, 43]
[94, 86, 63]
[83, 94, 77]
[108, 102, 80]
[28, 38, 29]
[12, 23, 17]
[22, 37, 30]
[6, 13, 6]
[18, 27, 22]
[7, 22, 15]
[14, 29, 22]
[0, 4, 0]
[0, 11, 3]
[62, 64, 51]
[40, 47, 39]
[29, 39, 31]
[15, 27, 17]
[70, 88, 76]
[40, 56, 45]
[154, 92, 55]
[161, 86, 28]
[82, 70, 44]
[122, 102, 69]
[151, 120, 89]
[101, 54, 34]
[131, 117, 88]
[93, 84, 67]
[116, 97, 64]
[79, 77, 56]
[90, 84, 62]
[114, 90, 52]
[110, 93, 65]
[34, 41, 23]
[69, 70, 52]
[79, 79, 69]
[125, 123, 98]
[66, 63, 44]
[23, 34, 28]
[0, 6, 2]
[22, 34, 32]
[58, 66, 55]
[34, 41, 34]
[11, 26, 19]
[14, 25, 19]
[22, 29, 21]
[8, 19, 13]
[143, 90, 59]
[59, 66, 58]
[46, 55, 50]
[47, 52, 48]
[24, 33, 28]
[34, 42, 31]
[97, 81, 58]
[175, 82, 25]
[150, 96, 49]
[105, 88, 72]
[137, 56, 27]
[150, 122, 98]
[78, 69, 52]
[92, 80, 56]
[78, 75, 56]
[43, 50, 34]
[107, 84, 50]
[125, 104, 77]
[96, 79, 49]
[97, 92, 70]
[85, 79, 57]
[83, 81, 68]
[90, 83, 57]
[48, 59, 51]
[15, 27, 27]
[18, 24, 20]
[15, 24, 19]
[36, 47, 41]
[9, 22, 15]
[22, 33, 27]
[32, 39, 31]
[23, 26, 19]
[12, 22, 14]
[109, 77, 52]
[124, 122, 101]
[61, 61, 51]
[32, 32, 24]
[15, 25, 16]
[26, 29, 22]
[48, 51, 40]
[183, 57, 19]
[146, 93, 53]
[144, 56, 20]
[146, 129, 101]
[81, 73, 54]
[86, 80, 58]
[110, 99, 67]
[62, 65, 46]
[90, 85, 66]
[97, 86, 56]
[127, 102, 62]
[81, 74, 55]
[60, 61, 43]
[86, 80, 54]
[57, 63, 49]
[46, 53, 46]
[1, 7, 3]
[16, 21, 17]
[12, 25, 18]
[7, 16, 11]
[4, 4, 4]
[62, 65, 48]
[41, 52, 46]
[47, 43, 31]
[17, 29, 17]
[7, 14, 6]
[174, 36, 8]
[198, 108, 55]
[65, 68, 51]
[24, 34, 26]
[40, 41, 33]
[8, 18, 9]
[36, 38, 25]
[34, 27, 17]
[122, 56, 24]
[150, 131, 99]
[63, 60, 43]
[81, 77, 52]
[71, 65, 43]
[51, 54, 37]
[55, 62, 46]
[106, 79, 50]
[87, 90, 73]
[71, 63, 40]
[59, 63, 48]
[73, 69, 44]
[77, 71, 47]
[48, 55, 47]
[9, 19, 10]
[6, 15, 10]
[24, 37, 30]
[14, 26, 16]
[3, 9, 5]
[79, 73, 51]
[89, 93, 79]
[29, 35, 31]
[82, 76, 52]
[35, 31, 19]
[9, 14, 7]
[38, 43, 37]
[156, 70, 21]
[42, 43, 27]
[78, 75, 56]
[131, 100, 69]
[14, 27, 20]
[35, 38, 27]
[136, 57, 26]
[169, 144, 114]
[65, 62, 43]
[83, 75, 56]
[108, 92, 67]
[75, 68, 42]
[51, 53, 31]
[97, 81, 56]
[111, 94, 64]
[114, 99, 68]
[84, 77, 58]
[130, 104, 71]
[121, 91, 57]
[90, 84, 60]
[0, 6, 2]
[35, 44, 39]
[47, 49, 38]
[26, 35, 30]
[13, 17, 16]
[20, 32, 22]
[142, 93, 53]
[90, 80, 68]
[31, 47, 36]
[56, 58, 47]
[31, 33, 20]
[18, 25, 17]
[10, 21, 15]
[56, 55, 35]
[83, 66, 46]
[109, 78, 58]
[74, 66, 47]
[21, 34, 27]
[120, 63, 36]
