[89, 98, 9]
[87, 99, 35]
[71, 65, 69]
[53, 60, 70]
[31, 70, 139]
[208, 171, 20]
[210, 186, 26]
[200, 182, 44]
[188, 84, 0]
[186, 165, 14]
[205, 178, 0]
[199, 159, 2]
[190, 91, 8]
[226, 168, 9]
[148, 73, 0]
[189, 134, 31]
[183, 136, 20]
[12, 20, 23]
[21, 22, 26]
[26, 27, 31]
[26, 30, 41]
[35, 40, 46]
[10, 14, 26]
[12, 16, 27]
[181, 111, 75]
[121, 106, 51]
[162, 128, 28]
[141, 135, 25]
[32, 23, 18]
[155, 79, 4]
[16, 13, 22]
[5, 9, 8]
[102, 109, 6]
[69, 84, 15]
[53, 48, 52]
[14, 20, 18]
[20, 58, 121]
[211, 169, 23]
[184, 149, 0]
[194, 171, 31]
[229, 124, 32]
[194, 146, 10]
[199, 157, 9]
[215, 182, 7]
[201, 110, 29]
[188, 100, 0]
[176, 107, 4]
[208, 169, 40]
[152, 120, 0]
[34, 43, 50]
[64, 65, 69]
[19, 20, 24]
[27, 31, 42]
[28, 33, 39]
[9, 13, 25]
[39, 43, 54]
[157, 91, 33]
[145, 128, 38]
[78, 71, 19]
[163, 153, 32]
[49, 72, 46]
[181, 101, 32]
[165, 72, 2]
[7, 19, 17]
[100, 110, 11]
[87, 96, 17]
[42, 30, 34]
[2, 0, 1]
[43, 80, 135]
[187, 149, 12]
[205, 169, 19]
[192, 161, 18]
[204, 104, 6]
[201, 177, 43]
[215, 169, 14]
[220, 183, 17]
[133, 103, 0]
[225, 103, 20]
[202, 126, 4]
[193, 129, 19]
[171, 127, 4]
[80, 74, 76]
[45, 46, 50]
[6, 3, 10]
[15, 21, 37]
[9, 12, 21]
[32, 34, 46]
[28, 30, 43]
[146, 75, 29]
[78, 90, 14]
[129, 114, 13]
[150, 89, 0]
[59, 70, 66]
[176, 92, 20]
[160, 64, 3]
[31, 48, 40]
[109, 115, 25]
[98, 112, 35]
[56, 61, 67]
[18, 21, 26]
[21, 58, 110]
[207, 178, 42]
[167, 125, 0]
[204, 172, 1]
[202, 102, 6]
[193, 176, 36]
[202, 172, 16]
[214, 177, 26]
[139, 106, 0]
[215, 191, 20]
[195, 154, 10]
[179, 105, 40]
[189, 134, 17]
[125, 96, 18]
[55, 56, 60]
[18, 18, 20]
[11, 18, 36]
[24, 26, 38]
[14, 14, 16]
[4, 7, 26]
[123, 52, 0]
[124, 117, 37]
[128, 94, 22]
[185, 115, 20]
[34, 46, 32]
[169, 86, 6]
[174, 81, 3]
[17, 32, 25]
[83, 16, 0]
[81, 100, 11]
[10, 7, 16]
[17, 17, 25]
[51, 92, 144]
[196, 160, 24]
[216, 176, 16]
[214, 187, 34]
[219, 107, 23]
[217, 176, 10]
[176, 98, 0]
[190, 149, 0]
[171, 141, 27]
[219, 133, 24]
[168, 132, 0]
[187, 144, 6]
[73, 67, 45]
[51, 45, 11]
[17, 15, 20]
[13, 17, 18]
[16, 23, 41]
[9, 14, 34]
[74, 70, 71]
[12, 17, 39]
[166, 80, 7]
[131, 128, 25]
[164, 112, 0]
[238, 146, 19]
[37, 48, 32]
[199, 90, 8]
[180, 85, 5]
[22, 39, 23]
[77, 86, 0]
[124, 58, 42]
[27, 25, 30]
[49, 48, 46]
[65, 116, 161]
[205, 171, 45]
[213, 167, 22]
[173, 149, 23]
[236, 127, 44]
[222, 184, 23]
[165, 80, 0]
[204, 152, 17]
[185, 159, 38]
[176, 140, 17]
[165, 134, 7]
[171, 136, 8]
[27, 39, 35]
[41, 55, 66]
[25, 26, 28]
[20, 19, 15]
[17, 24, 42]
[12, 16, 25]
[0, 3, 6]
[8, 14, 30]
[138, 52, 1]
[169, 165, 92]
[186, 134, 25]
[215, 129, 18]
[10, 19, 16]
[194, 95, 14]
[179, 87, 10]
[24, 36, 24]
[66, 75, 10]
[55, 54, 0]
[6, 8, 3]
[55, 64, 69]
[90, 141, 184]
[199, 170, 34]
[212, 175, 22]
[192, 144, 36]
[181, 83, 0]
[221, 178, 11]
[139, 59, 36]
[133, 55, 17]
[172, 122, 25]
[204, 152, 51]
[169, 130, 0]
[166, 128, 5]
[44, 53, 60]
[26, 35, 52]
[42, 42, 44]
[22, 23, 28]
[28, 33, 52]
[25, 23, 28]
[55, 55, 65]
[6, 7, 12]
[169, 94, 39]
[49, 48, 30]
[206, 156, 43]
[208, 139, 20]
[14, 27, 20]
[191, 95, 11]
[169, 82, 5]
[23, 36, 29]
[74, 89, 6]
[124, 128, 31]
[17, 17, 17]
[32, 29, 36]
[119, 157, 204]
[192, 160, 17]
[209, 160, 29]
[201, 140, 23]
[186, 85, 13]
[224, 174, 13]
[146, 53, 0]
[161, 95, 0]
[183, 158, 42]
[191, 120, 12]
[139, 121, 39]
[177, 147, 25]
[9, 15, 31]
[55, 54, 50]
[40, 41, 45]
[6, 7, 11]
[27, 32, 52]
[15, 17, 29]
[192, 171, 26]
[85, 43, 5]
[116, 83, 38]
[17, 13, 2]
[84, 66, 0]
[181, 118, 2]
[22, 35, 25]
[185, 86, 1]
[176, 83, 13]
[38, 47, 46]
[133, 129, 42]
[112, 117, 14]
[14, 14, 14]
[46, 53, 63]
[116, 150, 195]
[187, 156, 16]
[201, 138, 7]
[144, 59, 18]
[163, 65, 2]
[231, 190, 74]
[168, 173, 150]
[179, 139, 17]
[176, 151, 25]
[221, 139, 1]
[225, 151, 18]
[146, 133, 39]
[56, 72, 97]
[48, 44, 41]
[20, 21, 25]
[15, 16, 21]
[25, 30, 49]
[93, 66, 71]
[21, 20, 0]
[52, 17, 0]
[114, 52, 0]
[15, 16, 20]
[108, 88, 35]
[186, 124, 13]
[61, 79, 67]
[206, 110, 24]
[181, 97, 27]
[16, 20, 19]
[113, 102, 20]
[146, 142, 42]
[22, 18, 15]
[39, 38, 46]
[93, 133, 182]
[190, 150, 3]
[110, 26, 0]
[186, 145, 3]
[183, 87, 1]
[217, 129, 21]
[171, 160, 154]
[191, 128, 59]
[143, 120, 8]
[215, 148, 5]
[217, 122, 0]
[128, 115, 13]
[40, 65, 105]
[83, 73, 38]
[42, 41, 47]
[93, 94, 98]
[17, 21, 33]
[66, 40, 39]
[141, 126, 23]
[27, 31, 6]
[138, 89, 59]
[15, 16, 18]
[109, 101, 18]
[184, 121, 26]
[9, 24, 17]
[162, 74, 0]
[175, 84, 29]
[20, 24, 23]
[141, 134, 20]
[127, 126, 34]
[56, 55, 51]
[14, 11, 18]
[39, 76, 128]
[183, 143, 21]
[117, 28, 0]
[188, 142, 7]
[204, 99, 0]
[209, 145, 39]
[187, 150, 69]
[173, 145, 61]
[156, 132, 24]
[217, 145, 27]
[206, 139, 8]
[139, 122, 6]
[48, 91, 160]
[171, 160, 68]
[33, 36, 41]
[3, 4, 9]
[28, 32, 44]
[93, 79, 79]
[173, 127, 16]
[26, 38, 28]
[133, 66, 24]
[20, 11, 4]
[148, 115, 0]
[146, 102, 27]
[21, 21, 19]
[12, 46, 32]
[142, 125, 95]
[12, 16, 15]
[144, 133, 17]
[134, 130, 22]
[38, 39, 44]
[23, 14, 15]
[91, 129, 174]
[189, 151, 28]
[200, 163, 31]
[130, 63, 8]
[207, 96, 6]
[202, 125, 0]
[200, 155, 100]
[187, 146, 56]
[153, 134, 16]
[140, 70, 11]
[224, 157, 8]
[152, 132, 45]
[98, 106, 91]
[213, 210, 167]
[5, 8, 13]
[7, 8, 13]
[33, 42, 51]
[29, 0, 0]
[125, 108, 26]
[49, 51, 40]
[45, 30, 11]
[33, 29, 18]
[42, 41, 37]
[16, 15, 11]
[22, 26, 9]
[22, 31, 30]
[9, 15, 13]
[11, 15, 16]
[125, 122, 41]
[135, 125, 10]
[42, 30, 34]
[21, 29, 52]
[105, 143, 190]
[213, 182, 66]
[197, 159, 22]
[180, 151, 11]
[220, 107, 13]
[201, 124, 0]
[225, 170, 87]
[210, 164, 17]
[146, 92, 6]
[147, 155, 168]
[224, 151, 0]
[147, 90, 11]
[90, 82, 59]
[82, 93, 61]
[8, 8, 16]
[59, 60, 64]
[22, 29, 35]
[47, 16, 11]
[177, 145, 34]
[33, 32, 28]
[17, 12, 9]
[106, 85, 54]
[20, 25, 19]
[12, 17, 20]
[31, 44, 24]
[15, 21, 21]
[11, 23, 23]
[29, 30, 32]
[161, 151, 0]
[146, 135, 27]
[89, 87, 98]
[54, 61, 87]
[102, 152, 205]
[169, 147, 12]
[189, 145, 22]
[146, 136, 25]
[209, 104, 23]
[207, 142, 24]
[221, 182, 27]
[176, 157, 78]
[59, 56, 49]
[190, 195, 165]
[225, 167, 31]
[24, 22, 10]
[149, 117, 6]
[34, 41, 85]
[33, 46, 63]
[26, 25, 31]
[116, 84, 33]
[35, 21, 20]
[177, 151, 41]
[33, 35, 30]
[7, 19, 9]
[101, 72, 28]
[16, 14, 15]
[20, 27, 20]
[32, 39, 31]
[6, 15, 12]
[10, 18, 20]
[26, 30, 31]
[176, 160, 5]
[122, 116, 6]
[53, 44, 49]
[25, 28, 47]
[104, 150, 199]
[175, 156, 28]
[175, 141, 15]
[125, 126, 24]
[203, 105, 16]
[200, 132, 0]
[184, 153, 10]
[179, 158, 103]
[79, 85, 71]
[199, 187, 171]
[223, 163, 17]
[27, 11, 0]
[106, 131, 125]
[97, 133, 159]
[64, 80, 53]
[116, 157, 175]
[189, 155, 45]
[29, 15, 14]
[179, 148, 21]
[74, 70, 25]
[64, 59, 56]
[90, 77, 58]
[8, 8, 6]
[10, 14, 15]
[31, 40, 35]
[14, 26, 26]
[17, 27, 28]
[38, 42, 41]
[186, 165, 14]
[171, 147, 25]
[29, 32, 37]
[39, 44, 64]
[97, 148, 203]
[124, 128, 33]
[164, 137, 4]
[133, 127, 13]
[105, 96, 91]
[214, 148, 12]
[221, 172, 51]
[83, 80, 75]
[69, 43, 16]
[96, 49, 0]
[176, 86, 0]
[201, 213, 199]
[105, 109, 48]
[177, 198, 191]
[111, 148, 164]
[94, 108, 109]
[158, 116, 8]
[48, 48, 48]
[188, 156, 19]
[127, 111, 13]
[75, 82, 74]
[46, 50, 36]
[13, 26, 19]
[11, 26, 21]
[13, 25, 21]
[9, 21, 21]
[7, 18, 20]
[46, 50, 53]
[202, 175, 24]
[211, 188, 48]
[40, 41, 46]
[38, 38, 46]
[91, 145, 191]
[135, 125, 30]
[174, 138, 16]
[145, 139, 25]
[50, 51, 46]
[191, 140, 0]
[193, 163, 15]
[146, 70, 21]
[85, 57, 18]
[208, 212, 189]
[196, 111, 28]
[146, 153, 122]
[89, 80, 23]
[160, 98, 11]
[108, 105, 62]
[112, 155, 174]
[209, 168, 42]
[75, 118, 160]
[172, 148, 12]
[119, 111, 10]
[41, 45, 8]
[19, 27, 14]
[54, 83, 123]
[79, 95, 95]
[3, 34, 29]
[43, 71, 83]
[36, 53, 35]
[42, 55, 46]
[202, 174, 5]
[199, 169, 39]
[45, 53, 56]
[15, 16, 21]
[100, 146, 195]
[131, 128, 13]
[177, 139, 0]
[171, 150, 25]
[71, 72, 67]
[192, 150, 2]
[179, 140, 35]
[83, 59, 11]
[183, 194, 154]
[195, 203, 188]
[189, 108, 17]
[200, 115, 32]
[87, 60, 13]
[89, 93, 60]
[162, 184, 182]
[145, 177, 188]
[183, 155, 32]
[77, 68, 11]
[125, 101, 1]
[88, 87, 57]
[117, 110, 40]
[60, 27, 36]
[116, 104, 44]
[90, 108, 154]
[114, 111, 40]
[97, 101, 51]
[83, 97, 72]
[69, 84, 79]
[190, 162, 0]
[131, 62, 7]
[39, 40, 45]
[33, 38, 44]
[46, 83, 138]
[140, 128, 18]
[204, 170, 34]
[103, 95, 0]
[24, 25, 20]
[184, 155, 29]
[131, 99, 38]
[49, 16, 0]
[29, 20, 11]
[212, 212, 188]
[63, 59, 58]
[184, 101, 9]
[108, 54, 42]
[138, 44, 6]
[131, 94, 76]
[125, 109, 84]
[190, 155, 25]
[102, 123, 114]
[155, 144, 55]
[157, 115, 17]
[33, 32, 28]
[126, 84, 0]
[73, 18, 13]
[113, 103, 6]
[76, 108, 157]
[159, 90, 25]
[10, 21, 7]
[82, 108, 143]
[164, 121, 52]
[229, 210, 107]
[66, 27, 20]
[55, 54, 59]
[22, 62, 124]
[137, 126, 11]
[143, 133, 22]
[107, 113, 23]
[18, 7, 1]
[199, 175, 4]
[144, 96, 22]
[115, 95, 32]
[145, 138, 83]
[196, 194, 181]
[47, 50, 29]
[13, 18, 21]
[93, 29, 4]
[23, 23, 21]
[170, 117, 39]
[179, 106, 14]
[179, 135, 30]
[35, 54, 68]
[101, 105, 31]
[124, 103, 72]
[34, 38, 37]
[52, 54, 41]
[123, 76, 8]
[80, 20, 10]
[44, 47, 30]
[112, 101, 73]
[70, 79, 76]
[86, 108, 85]
[89, 54, 0]
[206, 185, 42]
[74, 41, 36]
[41, 39, 50]
[38, 72, 135]
[89, 86, 0]
[84, 86, 0]
[124, 131, 53]
[1, 7, 7]
[194, 170, 38]
[231, 224, 205]
[180, 201, 192]
[129, 104, 40]
[182, 197, 192]
[10, 13, 4]
[19, 24, 18]
[63, 65, 18]
[81, 73, 71]
[157, 171, 174]
[202, 199, 158]
[229, 215, 202]
[55, 80, 100]
[183, 123, 13]
[138, 157, 164]
[104, 119, 174]
[92, 83, 4]
[56, 65, 104]
[95, 89, 57]
[73, 66, 99]
[47, 9, 6]
[45, 34, 28]
[20, 28, 31]
[216, 188, 63]
[224, 202, 80]
[53, 29, 27]
[38, 36, 37]
[32, 63, 120]
[81, 87, 13]
[111, 118, 14]
[138, 140, 30]
[14, 17, 22]
[45, 57, 21]
[161, 117, 52]
[180, 212, 197]
[39, 32, 16]
[166, 97, 20]
[22, 2, 0]
[3, 0, 0]
[65, 53, 39]
[45, 39, 15]
[152, 59, 25]
[191, 201, 190]
[183, 194, 178]
[64, 87, 103]
[134, 112, 29]
[66, 118, 165]
[114, 103, 0]
[64, 63, 103]
[51, 57, 23]
[47, 46, 54]
[62, 85, 126]
[44, 54, 30]
[63, 91, 141]
[111, 113, 112]
[197, 183, 32]
[221, 204, 100]
[36, 21, 16]
[34, 37, 42]
[41, 79, 142]
[71, 82, 16]
[117, 122, 32]
[134, 139, 39]
[14, 13, 18]
[48, 58, 33]
[40, 47, 3]
[151, 82, 13]
[100, 88, 28]
[56, 51, 45]
[192, 204, 190]
[62, 31, 0]
[194, 205, 197]
[71, 67, 29]
[133, 73, 36]
[138, 38, 12]
[119, 110, 127]
[55, 63, 3]
[131, 118, 40]
[156, 106, 19]
[146, 78, 17]
[65, 106, 162]
[85, 103, 153]
[108, 102, 18]
[153, 109, 20]
[127, 105, 48]
[168, 124, 0]
[150, 116, 26]
[201, 178, 38]
[235, 208, 131]
[63, 45, 43]
[39, 46, 54]
[14, 57, 126]
[93, 106, 26]
[142, 154, 78]
[93, 99, 3]
[16, 13, 8]
[34, 47, 3]
[168, 101, 23]
[195, 104, 11]
[140, 82, 9]
[187, 92, 2]
[33, 30, 23]
[131, 144, 135]
[106, 105, 87]
[113, 76, 31]
[178, 111, 6]
[188, 146, 26]
[154, 173, 188]
[212, 111, 3]
[203, 112, 5]
[155, 147, 111]
[30, 36, 36]
[80, 92, 44]
[138, 73, 5]
[48, 51, 60]
[29, 15, 12]
[78, 104, 155]
[81, 92, 84]
[149, 136, 101]
[218, 196, 33]
[216, 198, 38]
[47, 37, 28]
[4, 12, 14]
[48, 79, 143]
[107, 119, 21]
[94, 100, 26]
[120, 127, 32]
[67, 47, 36]
[165, 184, 180]
[122, 131, 84]
[161, 180, 161]
[196, 87, 2]
[209, 131, 57]
[46, 15, 13]
[45, 44, 42]
[36, 67, 26]
[128, 100, 60]
[154, 80, 17]
[140, 91, 48]
[204, 104, 10]
[157, 151, 117]
[164, 158, 136]
[175, 136, 15]
[87, 87, 33]
[140, 82, 9]
[82, 106, 152]
[191, 107, 9]
[77, 72, 78]
[35, 40, 8]
[46, 58, 54]
[8, 14, 10]
[199, 175, 25]
[209, 188, 63]
[41, 31, 29]
[16, 22, 34]
[26, 56, 116]
[115, 132, 38]
[159, 160, 82]
[134, 139, 39]
[181, 88, 19]
[174, 123, 18]
[176, 199, 189]
[184, 203, 184]
[203, 104, 11]
[193, 114, 9]
[75, 80, 22]
[65, 60, 18]
[93, 82, 26]
[35, 20, 0]
[171, 95, 33]
[146, 60, 0]
[220, 211, 182]
[196, 208, 198]
[197, 203, 193]
[102, 133, 153]
[172, 133, 4]
[167, 126, 0]
[31, 47, 11]
[84, 108, 154]
[121, 115, 67]
[125, 112, 8]
[103, 93, 22]
[158, 109, 6]
[221, 202, 84]
[199, 194, 92]
[47, 46, 52]
[26, 30, 41]
[39, 77, 140]
[100, 115, 14]
[108, 120, 38]
[139, 142, 37]
[168, 56, 0]
[184, 76, 1]
[48, 16, 1]
[144, 94, 21]
[206, 118, 8]
[203, 115, 25]
[88, 94, 20]
[135, 139, 104]
[182, 111, 5]
[190, 113, 7]
[131, 162, 183]
[151, 103, 80]
[201, 213, 199]
[166, 181, 162]
[195, 206, 190]
[193, 204, 188]
[114, 133, 165]
[128, 138, 163]
[122, 118, 119]
[37, 50, 43]
[56, 63, 55]
[182, 88, 0]
[97, 100, 71]
[155, 89, 11]
[206, 187, 33]
[202, 198, 99]
[23, 31, 33]
[24, 22, 36]
[71, 103, 164]
[104, 123, 34]
[123, 138, 57]
[117, 126, 21]
[181, 87, 0]
[177, 75, 0]
[93, 53, 1]
[189, 105, 9]
[206, 114, 11]
[217, 136, 44]
[105, 78, 9]
[102, 93, 52]
[187, 110, 6]
[167, 122, 54]
[148, 151, 144]
[164, 124, 54]
[123, 47, 24]
[151, 169, 189]
[131, 123, 120]
[143, 141, 118]
[174, 138, 15]
[183, 90, 0]
[109, 125, 151]
[208, 98, 1]
[98, 117, 176]
[142, 149, 165]
[100, 104, 133]
[20, 34, 0]
[204, 172, 0]
[205, 196, 75]
[46, 36, 37]
[42, 49, 57]
[66, 102, 164]
[85, 118, 14]
[137, 125, 25]
[113, 135, 26]
[186, 84, 0]
[139, 89, 4]
[151, 80, 2]
[191, 116, 23]
[204, 117, 4]
[190, 126, 28]
[203, 144, 52]
[203, 126, 12]
[194, 105, 1]
[198, 109, 25]
[197, 120, 74]
[195, 138, 0]
[203, 134, 15]
[142, 163, 192]
[185, 149, 9]
[161, 124, 82]
[156, 162, 148]
[171, 138, 7]
[120, 114, 102]
[129, 101, 53]
[126, 131, 75]
[14, 26, 12]
[65, 76, 70]
[32, 36, 21]
[202, 151, 10]
[209, 196, 91]
[53, 51, 52]
[19, 20, 24]
[16, 52, 110]
[65, 101, 5]
[97, 101, 16]
[111, 131, 44]
[207, 106, 18]
[139, 72, 0]
[210, 114, 14]
[111, 61, 0]
[212, 130, 22]
[213, 144, 53]
[210, 142, 45]
[210, 127, 31]
[201, 111, 0]
[226, 121, 16]
[204, 115, 15]
[211, 161, 26]
[164, 108, 51]
[172, 134, 0]
[139, 168, 186]
[109, 106, 91]
[128, 161, 194]
[126, 150, 178]
[170, 127, 15]
[166, 149, 31]
[102, 139, 183]
[112, 110, 121]
[154, 86, 3]
[92, 108, 121]
[206, 157, 2]
[200, 176, 40]
[52, 35, 28]
[29, 32, 49]
[37, 77, 138]
[69, 108, 19]
[111, 123, 51]
[170, 108, 7]
[181, 118, 41]
[99, 100, 43]
[208, 111, 6]
[80, 56, 18]
[214, 123, 9]
[183, 139, 68]
[212, 195, 143]
[198, 168, 132]
[188, 112, 16]
[229, 141, 52]
[153, 94, 18]
[182, 106, 22]
[157, 66, 0]
[127, 146, 186]
[195, 94, 6]
[207, 162, 79]
[179, 102, 20]
[216, 99, 4]
[172, 173, 178]
[130, 155, 186]
[179, 99, 30]
[172, 90, 17]
[143, 101, 27]
[109, 114, 24]
[210, 170, 10]
[231, 184, 32]
[63, 35, 32]
[11, 25, 34]
[38, 77, 134]
[57, 91, 40]
[99, 124, 59]
[193, 212, 210]
[172, 199, 190]
[173, 192, 173]
[209, 112, 7]
[36, 41, 9]
[197, 130, 25]
[206, 211, 204]
[200, 210, 199]
[196, 202, 188]
[202, 208, 198]
[97, 63, 2]
[177, 118, 2]
[179, 72, 28]
[156, 64, 1]
[186, 142, 47]
[120, 140, 141]
[141, 156, 177]
[129, 150, 177]
[144, 149, 168]
[160, 114, 99]
[176, 104, 2]
[161, 113, 5]
[110, 133, 175]
[55, 54, 52]
[186, 94, 0]
