[97, 115, 101]
[99, 117, 105]
[92, 118, 105]
[80, 114, 90]
[89, 120, 105]
[95, 126, 121]
[77, 109, 88]
[83, 113, 101]
[109, 130, 115]
[105, 124, 104]
[103, 115, 91]
[109, 132, 124]
[103, 113, 104]
[111, 128, 118]
[134, 144, 135]
[105, 127, 115]
[118, 131, 122]
[104, 122, 110]
[121, 138, 128]
[99, 120, 113]
[114, 135, 130]
[99, 119, 107]
[112, 125, 116]
[120, 129, 126]
[127, 138, 132]
[114, 124, 115]
[97, 96, 91]
[69, 69, 59]
[63, 62, 57]
[71, 81, 72]
[86, 91, 84]
[64, 65, 60]
[38, 37, 32]
[29, 28, 23]
[29, 30, 25]
[33, 32, 27]
[31, 30, 25]
[33, 32, 27]
[36, 35, 30]
[35, 34, 29]
[33, 32, 27]
[33, 32, 28]
[39, 38, 33]
[39, 38, 33]
[48, 47, 42]
[27, 26, 21]
[49, 46, 39]
[40, 39, 34]
[40, 39, 34]
[31, 30, 25]
[37, 36, 31]
[35, 36, 31]
[36, 36, 34]
[41, 42, 37]
[39, 40, 35]
[32, 31, 27]
[51, 50, 46]
[40, 39, 34]
[40, 39, 34]
[39, 38, 34]
[27, 26, 21]
[34, 31, 26]
[30, 27, 20]
[36, 33, 26]
[43, 44, 38]
[25, 24, 19]
[32, 31, 26]
[32, 31, 26]
[26, 25, 20]
[32, 31, 26]
[36, 35, 30]
[29, 28, 23]
[38, 37, 32]
[32, 31, 26]
[44, 41, 34]
[31, 30, 25]
[33, 32, 28]
[33, 32, 28]
[27, 26, 21]
[27, 26, 21]
[24, 23, 18]
[37, 36, 31]
[37, 36, 31]
[44, 41, 36]
[40, 39, 34]
[47, 46, 41]
[39, 38, 34]
[35, 36, 31]
[31, 30, 26]
[29, 30, 25]
[34, 33, 28]
[57, 54, 47]
[35, 32, 25]
[33, 30, 23]
[33, 30, 23]
[35, 33, 21]
[30, 29, 24]
[40, 39, 34]
[32, 31, 26]
[27, 26, 21]
[29, 28, 23]
[31, 30, 25]
[28, 29, 23]
[36, 35, 30]
[30, 29, 24]
[36, 35, 30]
[66, 65, 61]
[33, 34, 29]
[30, 31, 26]
[35, 36, 31]
[38, 37, 32]
[37, 36, 31]
[37, 36, 31]
[36, 35, 30]
[31, 30, 25]
[37, 36, 32]
[30, 29, 25]
[36, 35, 30]
[36, 35, 31]
[31, 32, 27]
[34, 33, 28]
[30, 29, 24]
[35, 32, 27]
[33, 30, 23]
[35, 31, 20]
[35, 32, 25]
[34, 31, 24]
[30, 27, 20]
[52, 51, 46]
[30, 29, 24]
[36, 33, 28]
[37, 34, 27]
[36, 36, 28]
[31, 30, 25]
[34, 33, 29]
[30, 29, 24]
[35, 34, 29]
[41, 40, 36]
[36, 35, 31]
[33, 32, 28]
[37, 31, 31]
[41, 38, 33]
[31, 27, 18]
[36, 35, 31]
[37, 36, 32]
[31, 30, 25]
[35, 34, 29]
[38, 37, 32]
[34, 33, 28]
[32, 31, 27]
[33, 32, 28]
[30, 29, 25]
[36, 35, 30]
[31, 28, 23]
[30, 27, 20]
[32, 29, 24]
[31, 28, 23]
[24, 23, 18]
[30, 29, 24]
[30, 30, 22]
[41, 34, 28]
[35, 35, 27]
[34, 31, 24]
[49, 46, 39]
[36, 35, 30]
[45, 44, 39]
[26, 25, 20]
[27, 26, 21]
[51, 45, 29]
[115, 106, 75]
[123, 110, 75]
[55, 47, 26]
[159, 127, 68]
[124, 93, 49]
[116, 78, 39]
[99, 84, 41]
[62, 57, 37]
[31, 30, 25]
[36, 35, 31]
[33, 32, 27]
[28, 25, 20]
[40, 37, 32]
[33, 32, 27]
[35, 34, 29]
[27, 26, 21]
[32, 29, 22]
[38, 35, 30]
[34, 31, 26]
[34, 33, 29]
[26, 25, 21]
[25, 22, 17]
[30, 27, 22]
[39, 34, 30]
[30, 28, 16]
[34, 34, 26]
[35, 35, 27]
[33, 32, 27]
[34, 31, 24]
[31, 30, 25]
[96, 91, 61]
[97, 86, 56]
[124, 116, 70]
[116, 83, 40]
[136, 111, 70]
[134, 95, 54]
[114, 107, 89]
[122, 80, 40]
[100, 76, 40]
[65, 57, 38]
[57, 48, 33]
[71, 61, 49]
[37, 36, 31]
[28, 27, 22]
[29, 28, 24]
[30, 29, 24]
[34, 33, 28]
[39, 36, 31]
[37, 34, 27]
[48, 44, 32]
[65, 63, 50]
[38, 35, 28]
[40, 37, 32]
[29, 28, 23]
[32, 29, 24]
[29, 28, 23]
[29, 28, 23]
[31, 30, 25]
[38, 38, 30]
[31, 30, 25]
[33, 32, 27]
[52, 46, 34]
[92, 86, 60]
[120, 110, 75]
[99, 90, 59]
[144, 107, 55]
[40, 30, 18]
[86, 74, 48]
[98, 83, 54]
[82, 69, 53]
[82, 70, 48]
[109, 98, 66]
[45, 43, 31]
[62, 58, 47]
[32, 29, 20]
[26, 25, 21]
[31, 28, 23]
[61, 48, 29]
[158, 126, 69]
[132, 106, 57]
[101, 82, 49]
[94, 83, 53]
[50, 43, 27]
[49, 40, 23]
[52, 46, 34]
[38, 35, 30]
[33, 32, 27]
[33, 33, 25]
[36, 36, 28]
[33, 33, 25]
[39, 39, 31]
[32, 31, 26]
[32, 31, 26]
[44, 41, 34]
[62, 56, 44]
[105, 94, 66]
[78, 67, 39]
[75, 64, 46]
[52, 52, 42]
[50, 38, 26]
[136, 105, 58]
[44, 38, 26]
[54, 42, 26]
[93, 78, 39]
[59, 52, 33]
[64, 61, 46]
[76, 69, 51]
[90, 78, 52]
[86, 77, 62]
[83, 73, 38]
[80, 68, 44]
[123, 96, 53]
[89, 70, 38]
[50, 47, 32]
[52, 49, 34]
[59, 57, 36]
[68, 60, 37]
[63, 51, 29]
[61, 53, 34]
[32, 31, 26]
[41, 38, 31]
[51, 49, 34]
[44, 41, 34]
[34, 33, 28]
[32, 31, 26]
[33, 32, 27]
[42, 38, 26]
[30, 30, 20]
[74, 62, 40]
[130, 112, 76]
[146, 127, 87]
[108, 77, 46]
[150, 117, 66]
[151, 130, 75]
[89, 38, 17]
[64, 57, 39]
[112, 101, 81]
[91, 80, 52]
[113, 98, 75]
[109, 95, 69]
[87, 74, 55]
[62, 51, 33]
[39, 37, 25]
[48, 44, 33]
[44, 40, 29]
[50, 46, 35]
[59, 51, 38]
[57, 49, 36]
[64, 55, 40]
[47, 39, 26]
[60, 53, 35]
[21, 20, 15]
[42, 40, 28]
[49, 47, 35]
[39, 38, 33]
[38, 37, 32]
[36, 35, 30]
[32, 31, 26]
[33, 32, 27]
[33, 30, 23]
[17, 18, 12]
[65, 53, 31]
[82, 66, 41]
[109, 91, 53]
[115, 98, 54]
[95, 66, 50]
[176, 153, 99]
[173, 155, 105]
[168, 156, 118]
[156, 135, 90]
[95, 36, 20]
[61, 51, 24]
[83, 68, 47]
[81, 70, 50]
[37, 35, 20]
[28, 24, 15]
[39, 36, 29]
[51, 47, 35]
[68, 65, 50]
[59, 52, 34]
[112, 99, 67]
[79, 69, 42]
[63, 55, 34]
[25, 24, 19]
[30, 27, 20]
[42, 38, 26]
[34, 32, 20]
[40, 40, 32]
[35, 34, 29]
[30, 29, 24]
[35, 34, 30]
[24, 22, 23]
[37, 34, 29]
[73, 63, 38]
[136, 112, 64]
[111, 89, 48]
[114, 99, 66]
[62, 54, 35]
[115, 71, 44]
[148, 135, 91]
[177, 164, 122]
[179, 167, 119]
[164, 152, 110]
[150, 115, 85]
[51, 47, 35]
[78, 71, 45]
[45, 42, 35]
[67, 63, 52]
[26, 25, 21]
[73, 71, 58]
[29, 27, 12]
[38, 37, 33]
[58, 51, 32]
[81, 72, 39]
[52, 44, 25]
[104, 104, 96]
[41, 39, 27]
[42, 40, 28]
[38, 36, 24]
[44, 44, 36]
[42, 40, 28]
[44, 40, 28]
[31, 30, 25]
[67, 66, 61]
[45, 41, 30]
[58, 51, 32]
[75, 65, 40]
[115, 103, 63]
[70, 64, 48]
[88, 76, 50]
[147, 132, 77]
[103, 85, 47]
[151, 138, 96]
[107, 95, 57]
[84, 72, 46]
[52, 35, 25]
[83, 78, 49]
[50, 48, 35]
[54, 52, 40]
[43, 40, 25]
[49, 47, 35]
[46, 46, 34]
[51, 52, 38]
[51, 49, 37]
[45, 43, 30]
[61, 54, 35]
[76, 66, 39]
[50, 50, 40]
[36, 35, 30]
[36, 36, 28]
[37, 37, 29]
[37, 37, 29]
[44, 44, 36]
[38, 38, 30]
[31, 30, 26]
[43, 43, 33]
[115, 96, 54]
[105, 90, 61]
[69, 62, 43]
[101, 95, 69]
[111, 102, 73]
[89, 76, 42]
[138, 114, 70]
[101, 75, 48]
[68, 53, 48]
[117, 86, 58]
[120, 102, 64]
[49, 41, 30]
[68, 57, 39]
[79, 69, 44]
[81, 65, 40]
[118, 104, 69]
[113, 94, 62]
[109, 93, 60]
[115, 98, 68]
[75, 67, 46]
[59, 56, 39]
[63, 56, 38]
[60, 49, 27]
[34, 33, 29]
[31, 30, 26]
[35, 36, 31]
[24, 25, 20]
[32, 33, 27]
[32, 31, 27]
[29, 30, 25]
[35, 34, 29]
[129, 100, 56]
[119, 94, 64]
[56, 48, 35]
[89, 75, 48]
[105, 93, 71]
[76, 68, 45]
[182, 166, 107]
[103, 91, 53]
[88, 73, 44]
[50, 46, 35]
[105, 85, 58]
[100, 77, 45]
[75, 64, 46]
[78, 63, 42]
[101, 84, 54]
[92, 73, 43]
[86, 72, 45]
[81, 69, 45]
[78, 64, 35]
[71, 66, 47]
[61, 52, 35]
[65, 58, 40]
[55, 46, 29]
[52, 45, 27]
[33, 34, 29]
[52, 52, 50]
[28, 29, 24]
[26, 27, 22]
[30, 29, 25]
[30, 29, 25]
[75, 61, 32]
[151, 127, 81]
[175, 147, 99]
[141, 108, 63]
[123, 94, 54]
[111, 93, 55]
[92, 78, 43]
[114, 105, 74]
[116, 110, 76]
[96, 88, 51]
[161, 134, 87]
[119, 92, 63]
[138, 112, 77]
[93, 69, 35]
[50, 42, 29]
[41, 41, 33]
[67, 64, 49]
[49, 46, 29]
[70, 63, 44]
[123, 110, 76]
[123, 106, 63]
[46, 44, 32]
[49, 47, 34]
[53, 49, 38]
[50, 43, 27]
[64, 56, 37]
[39, 39, 37]
[34, 34, 32]
[28, 27, 23]
[32, 31, 26]
[30, 29, 25]
[132, 101, 57]
[109, 92, 62]
[55, 52, 37]
[61, 58, 43]
[58, 55, 38]
[52, 49, 34]
[42, 38, 26]
[54, 52, 39]
[54, 52, 40]
[41, 40, 35]
[46, 43, 34]
[132, 109, 68]
[96, 80, 54]
[105, 81, 47]
[128, 100, 63]
[77, 61, 36]
[45, 43, 31]
[57, 55, 40]
[67, 59, 38]
[50, 43, 24]
[58, 51, 32]
[70, 65, 43]
[47, 44, 27]
[56, 53, 38]
[41, 38, 23]
[45, 38, 22]
[40, 38, 25]
[40, 41, 36]
[30, 31, 26]
[23, 24, 19]
[34, 35, 30]
[33, 34, 29]
[114, 95, 62]
[44, 35, 20]
[53, 46, 30]
[37, 31, 19]
[50, 48, 35]
[37, 34, 25]
[38, 37, 32]
[46, 45, 40]
[22, 22, 22]
[24, 24, 24]
[26, 28, 27]
[72, 64, 53]
[64, 54, 44]
[28, 24, 21]
[40, 32, 21]
[46, 39, 31]
[29, 28, 26]
[31, 27, 24]
[46, 44, 31]
[48, 46, 34]
[43, 41, 28]
[55, 53, 40]
[60, 57, 38]
[64, 57, 39]
[64, 52, 36]
[54, 46, 33]
[57, 54, 39]
[28, 28, 26]
[31, 31, 29]
[29, 30, 25]
[34, 33, 28]
[29, 30, 25]
[30, 31, 26]
[48, 42, 28]
[32, 30, 18]
[33, 32, 27]
[27, 27, 25]
[30, 30, 28]
[20, 20, 18]
[24, 24, 22]
[27, 27, 25]
[29, 30, 25]
[33, 34, 29]
[36, 35, 33]
[80, 59, 40]
[37, 34, 27]
[64, 51, 35]
[26, 25, 23]
[26, 25, 21]
[25, 24, 22]
[27, 27, 25]
[35, 34, 29]
[33, 32, 27]
[34, 33, 28]
[39, 36, 31]
[55, 43, 29]
[51, 44, 25]
[43, 42, 22]
[59, 57, 42]
[27, 27, 25]
[28, 29, 24]
[28, 29, 24]
[31, 30, 26]
[32, 33, 28]
[32, 33, 28]
[30, 31, 26]
[26, 26, 24]
[32, 32, 30]
[22, 23, 18]
[28, 28, 26]
[31, 30, 26]
[44, 43, 39]
[27, 27, 25]
[30, 30, 28]
[25, 25, 23]
[33, 33, 31]
[62, 43, 26]
[73, 63, 51]
[55, 46, 31]
[31, 30, 26]
[34, 33, 28]
[29, 28, 24]
[33, 32, 28]
[46, 45, 41]
[32, 31, 27]
[32, 31, 27]
[99, 76, 35]
[159, 135, 71]
[104, 79, 38]
[61, 48, 29]
[70, 55, 34]
[40, 41, 36]
[34, 33, 29]
[41, 42, 37]
[27, 28, 23]
[45, 46, 40]
[27, 28, 23]
[30, 29, 27]
[30, 31, 26]
[28, 27, 23]
[28, 27, 23]
[32, 31, 27]
[23, 22, 18]
[27, 26, 22]
[29, 29, 27]
[27, 27, 25]
[36, 29, 21]
[108, 83, 52]
[119, 93, 56]
[132, 106, 69]
[129, 106, 64]
[74, 60, 34]
[41, 41, 33]
[32, 31, 26]
[36, 35, 31]
[33, 33, 31]
[30, 30, 28]
[84, 73, 43]
[115, 98, 68]
[96, 72, 44]
[60, 53, 34]
[48, 45, 30]
[48, 45, 30]
[64, 65, 60]
[28, 27, 23]
[29, 28, 26]
[28, 27, 23]
[26, 25, 21]
[35, 34, 30]
[28, 27, 23]
[33, 32, 27]
[34, 33, 28]
[40, 37, 32]
[50, 42, 29]
[38, 36, 23]
[160, 122, 75]
[118, 96, 57]
[129, 101, 61]
[119, 96, 65]
[139, 110, 70]
[86, 66, 41]
[104, 84, 57]
[81, 64, 36]
[43, 41, 29]
[52, 44, 31]
[42, 39, 34]
[33, 32, 28]
[32, 31, 29]
[34, 33, 28]
[55, 53, 41]
[50, 47, 40]
[34, 33, 29]
[38, 35, 26]
[31, 30, 25]
[36, 33, 28]
[32, 32, 30]
[24, 24, 22]
[25, 25, 23]
[28, 29, 24]
[33, 33, 25]
[39, 37, 25]
[112, 86, 59]
[145, 109, 59]
[123, 93, 43]
[109, 81, 42]
[106, 77, 45]
[99, 78, 49]
[83, 67, 41]
[79, 64, 43]
[42, 38, 26]
[59, 47, 35]
[42, 37, 31]
[37, 34, 29]
[38, 33, 27]
[65, 53, 41]
[41, 40, 36]
[36, 35, 30]
[37, 36, 32]
[26, 25, 23]
[31, 30, 28]
[33, 32, 28]
[34, 33, 29]
[28, 27, 23]
[67, 59, 48]
[41, 38, 31]
[50, 43, 33]
[58, 54, 42]
[30, 30, 28]
[24, 24, 24]
[34, 34, 32]
[31, 30, 28]
[130, 93, 41]
[144, 120, 76]
[142, 116, 83]
[101, 69, 44]
[41, 37, 26]
[57, 48, 39]
[37, 34, 29]
[36, 33, 28]
[37, 33, 30]
[43, 42, 38]
[35, 34, 30]
[31, 30, 26]
[33, 32, 30]
[30, 29, 27]
[25, 24, 22]
[26, 25, 23]
[32, 32, 30]
[23, 23, 21]
[22, 22, 20]
[27, 27, 25]
[21, 19, 20]
[30, 29, 25]
[28, 27, 23]
[58, 49, 32]
[71, 62, 45]
[57, 47, 35]
[60, 52, 39]
[73, 64, 47]
[96, 106, 97]
[20, 20, 20]
[24, 24, 22]
[21, 21, 21]
[92, 70, 46]
[75, 60, 39]
[58, 45, 29]
[63, 48, 27]
[34, 33, 29]
[33, 32, 28]
[60, 51, 34]
[26, 23, 14]
[27, 26, 24]
[25, 25, 25]
[27, 27, 25]
[26, 26, 24]
[27, 27, 25]
[29, 29, 29]
[41, 41, 39]
[26, 26, 24]
[23, 23, 23]
[28, 27, 23]
[36, 35, 31]
[38, 37, 33]
[44, 41, 36]
[43, 42, 37]
[168, 143, 89]
[124, 106, 66]
[94, 80, 54]
[78, 70, 51]
[39, 35, 24]
[68, 61, 42]
[54, 55, 49]
[24, 24, 24]
[21, 21, 21]
[25, 25, 25]
[21, 21, 21]
[49, 46, 41]
[44, 40, 29]
[53, 51, 39]
[38, 34, 31]
[58, 48, 36]
[63, 52, 34]
[81, 73, 54]
[31, 28, 23]
[23, 22, 18]
[32, 29, 24]
[26, 26, 24]
[29, 28, 26]
[31, 30, 28]
[40, 39, 35]
[40, 39, 35]
[28, 29, 24]
[39, 38, 34]
[29, 28, 24]
[35, 34, 29]
[47, 39, 28]
[133, 116, 70]
[161, 139, 89]
[171, 144, 91]
[164, 140, 94]
[141, 123, 85]
[70, 61, 46]
[50, 46, 35]
[26, 26, 26]
[20, 20, 20]
[25, 25, 25]
[29, 29, 29]
[22, 22, 22]
[26, 26, 24]
[55, 48, 38]
[101, 77, 53]
[66, 59, 41]
[63, 53, 41]
[57, 45, 29]
[68, 57, 39]
[41, 37, 28]
[36, 35, 30]
[36, 31, 25]
[32, 31, 27]
[29, 29, 27]
[34, 33, 29]
[27, 27, 25]
[33, 33, 31]
[35, 34, 30]
[37, 36, 31]
[37, 34, 27]
[44, 40, 31]
[166, 134, 73]
[179, 148, 91]
[175, 146, 88]
[152, 124, 77]
[90, 81, 52]
[50, 46, 35]
[41, 38, 33]
[50, 48, 35]
[35, 36, 30]
[24, 24, 24]
[32, 32, 32]
[22, 22, 22]
[20, 20, 20]
[26, 26, 26]
[23, 23, 23]
[41, 41, 31]
[44, 40, 31]
[29, 26, 19]
[67, 58, 41]
[69, 62, 46]
[51, 51, 41]
[36, 36, 26]
[39, 37, 25]
[46, 45, 40]
[35, 34, 29]
[36, 35, 31]
[29, 28, 24]
[37, 36, 31]
[33, 32, 28]
[41, 40, 35]
[37, 34, 27]
[205, 167, 96]
[196, 167, 101]
[177, 146, 89]
[170, 145, 88]
[29, 25, 13]
[44, 41, 36]
[52, 49, 42]
[46, 44, 32]
[42, 39, 24]
[63, 64, 58]
[24, 24, 22]
[19, 19, 17]
[34, 34, 32]
[22, 22, 20]
[45, 44, 40]
[85, 85, 77]
[42, 38, 35]
[36, 35, 30]
[61, 58, 53]
[61, 53, 40]
[47, 43, 32]
[60, 52, 41]
[39, 38, 34]
[31, 30, 26]
[30, 30, 28]
[30, 30, 28]
[45, 42, 37]
[43, 42, 37]
[32, 31, 26]
[35, 34, 29]
[39, 38, 33]
[95, 82, 50]
[172, 138, 77]
[161, 136, 82]
[143, 122, 75]
[144, 129, 90]
[55, 52, 35]
[44, 41, 36]
[42, 39, 32]
[44, 39, 33]
[33, 30, 23]
[36, 35, 31]
[35, 34, 30]
[30, 29, 25]
[32, 33, 28]
[44, 45, 40]
[31, 30, 28]
[31, 31, 29]
[32, 32, 30]
[36, 35, 31]
[31, 32, 27]
[31, 31, 29]
[28, 28, 26]
[36, 35, 31]
[34, 34, 32]
[34, 33, 29]
[42, 41, 37]
[33, 32, 27]
[34, 33, 29]
[35, 34, 29]
[39, 38, 33]
[35, 34, 29]
[35, 34, 30]
[31, 30, 26]
[35, 34, 29]
[28, 27, 23]
[30, 29, 25]
[35, 34, 30]
[34, 33, 29]
[33, 32, 28]
[32, 31, 27]
[31, 30, 26]
[31, 30, 26]
[24, 24, 22]
[32, 33, 28]
[37, 36, 32]
[42, 42, 40]
[36, 35, 33]
[36, 35, 33]
[34, 34, 32]
[42, 41, 36]
[44, 43, 41]
[29, 28, 26]
[36, 35, 31]
[38, 37, 33]
[35, 34, 30]
[36, 35, 31]
[47, 46, 41]
[34, 33, 28]
[41, 40, 35]
[32, 31, 27]
[37, 36, 32]
[37, 36, 31]
[48, 46, 34]
[43, 40, 35]
[39, 38, 33]
[32, 31, 27]
[29, 28, 26]
[38, 37, 33]
[37, 36, 31]
[27, 26, 21]
[30, 29, 24]
[33, 32, 27]
[39, 38, 34]
[52, 51, 46]
[71, 71, 69]
[27, 27, 25]
[26, 26, 26]
[29, 30, 25]
[33, 33, 31]
[31, 31, 29]
[29, 30, 25]
[35, 35, 33]
[37, 36, 32]
[45, 44, 40]
[42, 41, 37]
[43, 42, 38]
[45, 44, 40]
[34, 33, 29]
[45, 44, 39]
[56, 55, 50]
[54, 53, 48]
[38, 37, 32]
[49, 46, 41]
[42, 41, 36]
[40, 39, 35]
[40, 41, 36]
[41, 40, 36]
[36, 35, 31]
[42, 41, 36]
[36, 35, 31]
[34, 33, 28]
[38, 37, 32]
[42, 39, 34]
[40, 39, 34]
[40, 37, 32]
[42, 39, 34]
