[164, 184, 191]
[149, 191, 189]
[109, 175, 165]
[101, 167, 163]
[99, 160, 152]
[113, 175, 170]
[116, 190, 177]
[122, 181, 175]
[149, 182, 173]
[125, 182, 167]
[127, 195, 194]
[101, 183, 177]
[144, 197, 189]
[109, 171, 166]
[146, 178, 177]
[156, 192, 190]
[119, 172, 162]
[126, 189, 180]
[159, 203, 202]
[140, 197, 191]
[142, 210, 213]
[155, 211, 210]
[148, 210, 209]
[162, 212, 203]
[152, 217, 211]
[128, 200, 196]
[148, 204, 203]
[206, 236, 226]
[96, 173, 167]
[91, 155, 154]
[76, 170, 154]
[77, 163, 154]
[199, 184, 187]
[201, 205, 214]
[173, 213, 215]
[173, 208, 204]
[150, 214, 213]
[161, 203, 202]
[147, 200, 204]
[196, 235, 234]
[152, 207, 210]
[193, 228, 224]
[152, 214, 213]
[217, 237, 236]
[165, 217, 215]
[154, 205, 206]
[191, 171, 183]
[142, 211, 208]
[160, 213, 207]
[171, 216, 221]
[152, 208, 207]
[215, 204, 218]
[167, 215, 215]
[150, 212, 211]
[139, 207, 208]
[227, 242, 237]
[190, 215, 212]
[140, 209, 206]
[149, 204, 198]
[227, 247, 238]
[152, 193, 189]
[142, 204, 201]
[120, 189, 186]
[203, 228, 224]
[156, 170, 170]
[212, 216, 215]
[131, 204, 197]
[135, 207, 203]
[157, 196, 195]
[158, 217, 215]
[159, 208, 213]
[155, 206, 199]
[151, 202, 197]
[172, 203, 195]
[122, 182, 174]
[149, 194, 189]
[189, 224, 220]
[158, 198, 198]
[187, 207, 214]
[160, 200, 202]
[147, 165, 169]
[189, 217, 221]
[154, 191, 184]
[196, 198, 197]
[158, 191, 198]
[139, 201, 198]
[153, 211, 215]
[155, 214, 212]
[163, 224, 225]
[148, 209, 204]
[154, 202, 202]
[164, 200, 188]
[156, 197, 191]
[150, 212, 207]
[171, 223, 221]
[202, 214, 210]
[139, 200, 185]
[145, 206, 201]
[139, 208, 205]
[175, 220, 215]
[210, 220, 222]
[164, 203, 208]
[208, 228, 227]
[189, 230, 226]
[155, 210, 205]
[150, 200, 197]
[119, 189, 181]
[184, 219, 213]
[188, 217, 212]
[153, 217, 217]
[151, 209, 210]
[149, 207, 211]
[188, 216, 220]
[167, 213, 211]
[126, 203, 193]
[180, 215, 211]
[169, 223, 223]
[140, 214, 215]
[152, 214, 213]
[185, 217, 214]
[166, 215, 212]
[216, 218, 230]
[172, 214, 212]
[162, 212, 213]
[165, 193, 196]
[160, 190, 180]
[165, 219, 219]
[198, 229, 221]
[131, 181, 170]
[160, 208, 208]
[154, 207, 201]
[168, 235, 228]
[175, 217, 215]
[178, 210, 207]
[180, 232, 228]
[150, 211, 206]
[182, 231, 228]
[167, 222, 217]
[182, 224, 222]
[169, 215, 213]
[163, 226, 217]
[155, 214, 208]
[145, 210, 206]
[154, 216, 215]
[164, 223, 221]
[179, 214, 216]
[140, 195, 190]
[199, 224, 221]
[175, 220, 217]
[145, 216, 212]
[141, 193, 189]
[141, 203, 202]
[145, 211, 209]
[171, 206, 208]
[140, 190, 178]
[153, 202, 198]
[165, 218, 210]
[204, 214, 215]
[137, 208, 204]
[192, 243, 238]
[151, 220, 215]
[175, 215, 217]
[173, 209, 205]
[142, 204, 201]
[159, 211, 209]
[149, 201, 197]
[161, 218, 212]
[163, 219, 210]
[149, 220, 214]
[205, 235, 237]
[211, 234, 228]
[155, 214, 212]
[128, 202, 201]
[169, 230, 223]
[123, 164, 156]
[136, 199, 206]
[156, 215, 213]
[182, 226, 225]
[136, 209, 202]
[126, 201, 196]
[160, 209, 205]
[168, 220, 218]
[138, 208, 208]
[152, 215, 207]
[153, 209, 206]
[152, 218, 217]
[147, 202, 199]
[135, 211, 207]
[147, 216, 211]
[132, 203, 197]
[172, 217, 212]
[163, 212, 209]
[140, 194, 181]
[168, 218, 217]
[183, 227, 226]
[158, 210, 206]
[139, 218, 215]
[138, 209, 203]
[139, 210, 206]
[100, 151, 144]
[177, 227, 224]
[166, 225, 223]
[175, 225, 222]
[133, 205, 194]
[135, 203, 202]
[29, 68, 49]
[29, 63, 47]
[101, 129, 133]
[54, 113, 129]
[181, 207, 206]
[145, 210, 204]
[132, 212, 203]
[164, 206, 204]
[140, 200, 190]
[145, 214, 211]
[166, 217, 208]
[140, 211, 205]
[140, 209, 204]
[140, 204, 203]
[136, 202, 198]
[146, 211, 207]
[133, 203, 195]
[152, 216, 215]
[168, 205, 198]
[142, 205, 196]
[152, 212, 210]
[149, 222, 213]
[166, 228, 223]
[141, 217, 215]
[139, 215, 213]
[60, 96, 82]
[38, 75, 68]
[43, 47, 33]
[140, 219, 216]
[144, 197, 189]
[44, 102, 139]
[35, 83, 59]
[24, 86, 65]
[89, 86, 69]
[19, 61, 49]
[84, 147, 130]
[149, 214, 208]
[151, 216, 212]
[123, 198, 193]
[127, 203, 199]
[134, 204, 194]
[133, 198, 190]
[153, 212, 210]
[137, 209, 206]
[145, 210, 204]
[127, 203, 201]
[119, 204, 199]
[129, 208, 203]
[151, 211, 209]
[137, 203, 199]
[130, 205, 198]
[146, 209, 200]
[141, 211, 201]
[145, 218, 209]
[130, 170, 159]
[224, 140, 94]
[223, 175, 153]
[34, 80, 67]
[228, 186, 112]
[185, 116, 57]
[188, 112, 50]
[43, 79, 103]
[98, 157, 151]
[40, 69, 49]
[27, 69, 57]
[69, 88, 95]
[140, 126, 77]
[47, 95, 81]
[74, 90, 90]
[134, 205, 197]
[183, 143, 92]
[160, 190, 166]
[139, 209, 201]
[137, 206, 201]
[142, 213, 205]
[144, 212, 199]
[117, 197, 188]
[121, 206, 199]
[114, 194, 191]
[115, 197, 195]
[129, 205, 201]
[139, 215, 211]
[135, 207, 203]
[148, 208, 198]
[69, 139, 139]
[57, 122, 142]
[108, 107, 86]
[188, 94, 43]
[191, 116, 48]
[173, 112, 68]
[193, 109, 62]
[202, 155, 77]
[89, 150, 143]
[185, 154, 87]
[43, 107, 116]
[66, 83, 73]
[106, 76, 40]
[186, 143, 65]
[183, 133, 44]
[53, 96, 79]
[49, 98, 113]
[159, 122, 42]
[172, 131, 43]
[130, 105, 85]
[132, 155, 169]
[142, 207, 199]
[130, 113, 61]
[182, 140, 58]
[147, 134, 79]
[160, 183, 139]
[140, 211, 203]
[131, 211, 208]
[133, 208, 203]
[142, 209, 200]
[132, 203, 195]
[96, 133, 149]
[73, 139, 187]
[86, 145, 175]
[234, 191, 113]
[180, 127, 77]
[174, 113, 46]
[171, 123, 75]
[140, 205, 199]
[227, 180, 98]
[126, 141, 86]
[210, 163, 81]
[24, 57, 88]
[62, 101, 72]
[85, 107, 71]
[107, 82, 41]
[202, 153, 58]
[168, 128, 43]
[139, 113, 122]
[151, 115, 53]
[170, 127, 59]
[199, 146, 138]
[80, 123, 155]
[86, 141, 182]
[181, 132, 55]
[162, 111, 22]
[185, 144, 92]
[220, 164, 151]
[42, 76, 121]
[69, 116, 158]
[36, 78, 120]
[79, 133, 179]
[70, 124, 171]
[145, 180, 138]
[137, 137, 67]
[185, 174, 95]
[234, 180, 94]
[79, 92, 74]
[79, 94, 75]
[226, 173, 77]
[224, 180, 85]
[227, 177, 88]
[171, 156, 99]
[224, 110, 83]
[61, 82, 85]
[196, 189, 83]
[122, 132, 82]
[95, 97, 60]
[174, 135, 34]
[169, 127, 29]
[130, 129, 83]
[144, 95, 16]
[86, 96, 44]
[89, 126, 145]
[110, 143, 160]
[116, 114, 55]
[155, 102, 24]
[153, 105, 21]
[169, 125, 50]
[215, 161, 151]
[128, 136, 59]
[72, 125, 105]
[103, 116, 90]
[161, 152, 83]
[146, 128, 62]
[218, 184, 86]
[81, 108, 93]
[190, 165, 73]
[207, 166, 84]
[50, 65, 46]
[110, 150, 98]
[210, 166, 95]
[194, 181, 129]
[223, 167, 90]
[112, 152, 117]
[99, 113, 80]
[33, 81, 117]
[75, 108, 89]
[53, 70, 18]
[1, 18, 0]
[64, 77, 59]
[137, 108, 16]
[141, 112, 46]
[124, 117, 49]
[70, 83, 40]
[164, 164, 154]
[75, 101, 128]
[108, 116, 56]
[175, 130, 47]
[197, 147, 60]
[62, 83, 114]
[195, 169, 168]
[139, 155, 126]
[82, 122, 95]
[175, 189, 127]
[92, 115, 95]
[123, 139, 162]
[186, 173, 103]
[135, 132, 65]
[160, 135, 55]
[168, 111, 66]
[181, 128, 78]
[172, 129, 76]
[115, 105, 93]
[129, 135, 147]
[148, 156, 175]
[46, 83, 40]
[194, 194, 206]
[127, 136, 131]
[132, 138, 152]
[173, 181, 194]
[149, 154, 158]
[182, 183, 201]
[147, 166, 183]
[144, 156, 172]
[136, 156, 163]
[136, 137, 155]
[207, 201, 205]
[121, 139, 159]
[54, 88, 53]
[147, 121, 62]
[172, 131, 41]
[106, 121, 150]
[169, 159, 160]
[55, 101, 114]
[87, 110, 128]
[131, 158, 187]
[167, 134, 55]
[162, 157, 75]
[113, 118, 52]
[141, 144, 63]
[126, 124, 50]
[147, 150, 79]
[132, 127, 59]
[141, 140, 96]
[163, 166, 181]
[164, 172, 191]
[163, 161, 148]
[212, 194, 154]
[186, 197, 191]
[150, 163, 179]
[106, 136, 170]
[173, 184, 180]
[165, 189, 199]
[143, 183, 191]
[177, 186, 195]
[115, 145, 179]
[143, 133, 97]
[100, 134, 162]
[164, 151, 158]
[111, 131, 168]
[130, 112, 46]
[53, 79, 102]
[163, 117, 32]
[119, 139, 166]
[193, 174, 157]
[31, 84, 116]
[138, 141, 134]
[140, 132, 69]
[119, 116, 35]
[98, 95, 24]
[152, 150, 73]
[134, 141, 63]
[132, 127, 59]
[146, 152, 80]
[157, 149, 74]
[161, 154, 73]
[144, 153, 74]
[150, 142, 70]
[128, 129, 63]
[144, 147, 76]
[162, 161, 81]
[93, 119, 142]
[152, 135, 83]
[117, 136, 140]
[144, 159, 166]
[157, 171, 180]
[176, 192, 192]
[146, 155, 138]
[179, 195, 208]
[94, 95, 125]
[121, 148, 177]
[124, 135, 165]
[92, 98, 52]
[28, 69, 101]
[42, 99, 119]
[36, 98, 113]
[164, 163, 169]
[182, 172, 163]
[190, 151, 152]
[166, 168, 167]
[145, 145, 153]
[162, 162, 162]
[172, 163, 104]
[147, 148, 72]
[153, 150, 73]
[144, 145, 65]
[146, 141, 60]
[143, 140, 61]
[195, 171, 85]
[165, 160, 76]
[135, 140, 74]
[152, 154, 89]
[133, 143, 80]
[131, 128, 61]
[185, 137, 29]
[189, 138, 31]
[175, 127, 25]
[182, 156, 97]
[170, 165, 136]
[143, 136, 108]
[145, 136, 105]
[190, 197, 203]
[124, 150, 163]
[33, 51, 91]
[134, 123, 140]
[20, 68, 108]
[40, 95, 116]
[39, 93, 119]
[210, 207, 202]
[165, 153, 131]
[166, 126, 54]
[144, 128, 129]
[179, 174, 181]
[167, 156, 160]
[167, 158, 93]
[126, 127, 47]
[152, 142, 70]
[155, 147, 66]
[127, 123, 49]
[156, 139, 61]
[152, 136, 38]
[160, 148, 62]
[158, 147, 67]
[168, 151, 63]
[148, 178, 108]
[137, 119, 53]
[213, 200, 158]
[121, 103, 39]
[146, 116, 20]
[158, 138, 51]
[151, 121, 25]
[176, 149, 68]
[164, 136, 27]
[180, 132, 32]
[178, 157, 152]
[158, 143, 148]
[144, 143, 125]
[218, 220, 215]
[240, 239, 221]
[212, 214, 203]
[179, 148, 84]
[160, 133, 52]
[190, 153, 49]
[173, 132, 42]
[172, 139, 46]
[164, 146, 80]
[181, 170, 108]
[139, 140, 64]
[161, 149, 65]
[160, 152, 69]
[153, 145, 64]
[132, 130, 53]
[49, 38, 36]
[162, 145, 63]
[151, 140, 50]
[162, 151, 62]
[167, 142, 60]
[158, 133, 40]
[153, 124, 30]
[167, 142, 62]
[196, 151, 48]
[194, 146, 44]
[186, 143, 41]
[197, 177, 153]
[199, 188, 182]
[194, 185, 180]
[159, 178, 192]
[173, 149, 111]
[174, 184, 176]
[242, 239, 208]
[240, 237, 204]
[228, 226, 205]
[170, 155, 114]
[186, 160, 127]
[162, 133, 65]
[153, 126, 39]
[162, 141, 52]
[156, 125, 45]
[162, 150, 78]
[149, 152, 75]
[149, 142, 61]
[155, 145, 58]
[154, 146, 63]
[59, 64, 67]
[29, 93, 129]
[176, 148, 51]
[165, 146, 43]
[199, 165, 67]
[186, 155, 38]
[200, 156, 57]
[217, 183, 86]
[208, 169, 48]
[193, 158, 30]
[185, 163, 152]
[178, 154, 108]
[118, 107, 124]
[151, 165, 176]
[126, 118, 105]
[161, 150, 164]
[111, 85, 98]
[72, 70, 47]
[135, 127, 78]
[234, 231, 200]
[240, 235, 206]
[240, 234, 208]
[238, 236, 213]
[166, 182, 171]
[162, 142, 56]
[134, 120, 47]
[225, 210, 177]
[207, 192, 137]
[151, 144, 56]
[155, 156, 80]
[146, 138, 57]
[141, 131, 59]
[48, 64, 97]
[160, 135, 130]
[190, 155, 51]
[162, 137, 47]
[170, 149, 58]
[210, 182, 73]
[214, 177, 63]
[191, 159, 50]
[208, 168, 54]
[167, 160, 168]
[185, 177, 175]
[156, 134, 121]
[182, 180, 183]
[195, 176, 161]
[100, 44, 29]
[198, 194, 193]
[81, 92, 36]
[156, 133, 66]
[167, 151, 89]
[227, 215, 165]
[220, 207, 162]
[238, 232, 200]
[235, 232, 201]
[234, 232, 211]
[238, 234, 209]
[226, 218, 195]
[215, 206, 197]
[208, 188, 125]
[179, 164, 73]
[165, 160, 79]
[164, 156, 83]
[159, 138, 57]
[204, 190, 101]
[114, 89, 95]
[172, 140, 53]
[136, 137, 67]
[182, 154, 54]
[210, 177, 61]
[186, 156, 60]
[133, 126, 45]
[156, 145, 65]
[192, 183, 176]
[205, 185, 150]
[204, 214, 203]
[122, 109, 127]
[180, 113, 87]
[104, 37, 31]
[100, 130, 104]
[114, 124, 97]
[136, 106, 18]
[96, 90, 42]
[105, 99, 67]
[241, 222, 179]
[243, 238, 196]
[232, 226, 192]
[235, 229, 205]
[241, 235, 209]
[240, 239, 218]
[241, 238, 229]
[218, 187, 141]
[181, 165, 78]
[171, 166, 85]
[165, 152, 56]
[155, 153, 70]
[192, 164, 64]
[169, 159, 72]
[156, 141, 50]
[180, 161, 69]
[194, 172, 61]
[166, 53, 47]
[243, 205, 108]
[182, 158, 52]
[172, 97, 65]
[173, 156, 130]
[135, 119, 130]
[103, 105, 104]
[120, 70, 35]
[113, 121, 144]
[84, 116, 66]
[153, 103, 32]
[56, 81, 51]
[149, 115, 26]
[170, 130, 34]
[173, 158, 125]
[136, 104, 89]
[186, 179, 171]
[224, 217, 198]
[204, 201, 182]
[234, 228, 206]
[242, 239, 224]
[244, 240, 229]
[207, 186, 131]
[182, 162, 67]
[184, 161, 65]
[158, 151, 63]
[158, 144, 55]
[168, 156, 70]
[180, 164, 76]
[157, 145, 63]
[191, 166, 74]
[190, 176, 79]
[147, 59, 55]
[165, 153, 55]
[172, 142, 32]
[168, 131, 24]
[232, 214, 178]
[156, 72, 70]
[114, 90, 90]
[125, 110, 79]
[172, 182, 147]
[180, 148, 107]
[114, 63, 32]
[174, 135, 16]
[195, 155, 67]
[119, 99, 62]
[179, 148, 57]
[100, 97, 44]
[114, 108, 74]
[122, 78, 69]
[180, 180, 152]
[225, 221, 176]
[201, 202, 162]
[216, 228, 192]
[210, 184, 133]
[133, 135, 60]
[174, 164, 75]
[153, 148, 64]
[175, 154, 61]
[163, 157, 69]
[154, 142, 60]
[136, 138, 55]
[205, 177, 70]
[174, 151, 83]
[105, 122, 78]
[92, 106, 70]
[177, 155, 53]
[130, 119, 57]
[192, 159, 88]
[105, 90, 49]
[38, 34, 7]
[72, 79, 38]
[70, 78, 31]
[156, 106, 35]
[177, 130, 16]
[153, 108, 23]
[175, 126, 21]
[172, 128, 39]
[185, 129, 36]
[149, 113, 25]
[179, 133, 39]
[204, 175, 73]
[163, 129, 39]
[163, 128, 47]
[121, 113, 77]
[171, 152, 83]
[186, 179, 124]
[169, 156, 78]
[148, 140, 57]
[173, 160, 46]
[170, 154, 69]
[201, 173, 64]
[181, 159, 57]
[147, 140, 59]
[135, 128, 58]
[200, 141, 39]
[112, 90, 51]
[174, 153, 96]
[101, 125, 91]
[228, 181, 125]
[132, 113, 21]
[175, 149, 75]
[190, 136, 40]
[62, 78, 31]
[76, 91, 58]
[190, 136, 38]
[171, 117, 27]
[163, 119, 24]
[192, 149, 71]
[223, 189, 115]
[181, 122, 28]
[149, 142, 62]
[182, 140, 32]
[167, 136, 69]
[74, 63, 17]
[113, 92, 49]
[149, 122, 45]
[174, 145, 65]
[190, 169, 116]
[182, 176, 90]
[151, 131, 45]
[174, 158, 62]
[178, 160, 62]
[175, 138, 50]
[175, 166, 75]
[162, 145, 39]
[202, 164, 89]
[154, 93, 65]
[167, 144, 112]
[68, 63, 34]
[105, 111, 65]
[206, 158, 84]
[120, 149, 82]
[72, 65, 49]
[148, 114, 7]
[128, 114, 39]
[208, 132, 56]
[179, 136, 21]
[196, 145, 54]
[174, 128, 40]
[166, 122, 25]
[179, 130, 25]
[209, 169, 99]
[187, 130, 25]
[212, 168, 97]
[95, 93, 72]
[169, 124, 31]
[185, 151, 79]
[161, 125, 31]
[161, 122, 27]
[235, 204, 160]
[186, 154, 67]
[162, 141, 36]
[164, 150, 62]
[178, 156, 55]
[156, 141, 50]
[158, 131, 26]
[178, 152, 42]
[77, 81, 66]
[84, 105, 62]
[83, 111, 70]
[139, 122, 53]
[128, 123, 67]
[150, 147, 68]
[170, 109, 62]
[78, 84, 56]
[214, 213, 167]
[188, 159, 89]
[219, 192, 147]
[234, 188, 102]
[138, 85, 5]
[156, 119, 39]
[138, 125, 47]
[201, 161, 91]
[204, 174, 112]
[199, 159, 90]
[176, 127, 24]
[170, 122, 12]
[209, 155, 85]
[195, 150, 67]
[175, 132, 28]
[198, 168, 82]
[163, 151, 79]
[166, 142, 42]
[210, 177, 44]
[156, 135, 30]
[192, 161, 55]
[223, 193, 95]
[169, 146, 42]
[174, 151, 39]
[135, 113, 28]
[122, 108, 61]
[60, 84, 36]
[175, 183, 144]
[138, 130, 65]
[148, 123, 57]
[155, 134, 51]
[175, 77, 68]
[206, 175, 129]
[144, 128, 66]
[175, 133, 47]
[110, 115, 57]
[201, 165, 87]
[153, 103, 18]
[166, 139, 52]
[135, 120, 37]
[212, 181, 116]
[187, 140, 62]
[156, 105, 16]
[179, 127, 43]
[191, 164, 95]
[192, 156, 96]
[187, 133, 33]
[181, 135, 39]
[189, 176, 134]
[202, 163, 34]
[200, 165, 47]
[182, 162, 63]
[160, 136, 38]
[195, 162, 57]
[168, 149, 55]
[58, 74, 45]
[143, 136, 56]
[152, 99, 23]
[65, 85, 34]
[192, 156, 80]
[134, 112, 36]
[152, 101, 18]
[174, 141, 48]
[40, 58, 44]
[121, 111, 40]
[166, 149, 67]
[193, 164, 96]
[143, 99, 28]
[168, 128, 33]
[191, 129, 46]
[163, 114, 35]
[166, 103, 60]
[185, 138, 68]
[191, 141, 54]
[173, 132, 44]
[175, 150, 60]
[201, 164, 76]
[178, 132, 46]
[151, 136, 53]
[183, 145, 48]
[208, 176, 125]
[202, 169, 56]
[200, 177, 75]
[182, 152, 38]
[208, 173, 71]
[197, 163, 40]
[211, 179, 94]
[102, 120, 78]
[132, 99, 30]
[166, 123, 29]
[172, 126, 28]
[190, 141, 62]
[160, 125, 44]
[178, 132, 44]
[172, 136, 39]
[178, 137, 47]
[178, 136, 38]
[171, 119, 35]
[159, 118, 10]
[136, 94, 8]
[170, 122, 12]
[108, 69, 30]
[112, 56, 21]
[149, 89, 17]
[233, 190, 98]
[228, 194, 96]
[173, 134, 43]
[178, 128, 31]
[175, 132, 27]
[175, 134, 42]
[171, 138, 61]
[185, 140, 39]
[232, 205, 158]
[194, 181, 76]
[186, 158, 49]
[185, 162, 50]
[193, 156, 50]
[196, 161, 43]
[140, 124, 73]
[159, 118, 26]
[162, 120, 34]
[182, 138, 43]
[184, 145, 54]
[129, 116, 38]
[178, 140, 41]
[202, 162, 66]
[168, 122, 11]
[189, 135, 39]
[158, 108, 11]
[217, 160, 53]
[163, 118, 27]
[161, 111, 14]
[145, 101, 62]
[157, 122, 41]
[150, 125, 58]
[151, 115, 41]
[179, 131, 5]
[158, 127, 36]
[155, 121, 31]
[166, 130, 34]
[192, 130, 31]
[177, 130, 14]
[182, 127, 27]
[196, 139, 26]
