[56, 83, 74]
[110, 127, 109]
[117, 123, 95]
[177, 186, 159]
[100, 142, 122]
[106, 134, 120]
[85, 132, 124]
[95, 113, 99]
[109, 132, 116]
[123, 131, 118]
[175, 176, 132]
[141, 144, 117]
[132, 183, 164]
[193, 184, 145]
[154, 168, 135]
[168, 171, 150]
[177, 171, 135]
[185, 188, 159]
[164, 163, 143]
[190, 177, 133]
[166, 144, 71]
[173, 160, 116]
[194, 198, 173]
[132, 138, 102]
[155, 137, 87]
[150, 138, 88]
[170, 148, 98]
[185, 165, 115]
[166, 145, 88]
[152, 131, 88]
[210, 180, 120]
[211, 213, 173]
[81, 80, 59]
[110, 121, 78]
[97, 106, 77]
[66, 132, 118]
[120, 144, 144]
[120, 162, 158]
[103, 141, 126]
[86, 106, 94]
[104, 131, 126]
[134, 142, 101]
[82, 107, 88]
[128, 138, 127]
[133, 149, 120]
[155, 190, 158]
[179, 192, 164]
[155, 160, 128]
[171, 178, 136]
[187, 192, 151]
[153, 169, 133]
[161, 171, 146]
[191, 180, 135]
[145, 163, 147]
[173, 177, 150]
[163, 172, 145]
[152, 156, 141]
[134, 147, 129]
[170, 170, 146]
[88, 97, 80]
[152, 164, 142]
[143, 152, 135]
[137, 147, 120]
[149, 152, 123]
[14, 39, 43]
[95, 114, 94]
[72, 115, 98]
[105, 131, 94]
[121, 134, 78]
[117, 152, 145]
[122, 134, 88]
[108, 125, 106]
[137, 150, 130]
[103, 114, 97]
[98, 119, 112]
[163, 183, 156]
[157, 183, 146]
[121, 159, 136]
[117, 134, 100]
[171, 185, 152]
[100, 118, 94]
[105, 131, 104]
[155, 176, 135]
[158, 178, 143]
[147, 175, 153]
[151, 169, 157]
[146, 159, 142]
[142, 159, 140]
[133, 148, 129]
[158, 172, 146]
[148, 140, 93]
[153, 166, 146]
[149, 159, 135]
[109, 134, 112]
[130, 144, 127]
[120, 141, 126]
[58, 75, 56]
[204, 202, 161]
[129, 151, 128]
[175, 182, 149]
[80, 100, 88]
[122, 147, 117]
[119, 157, 134]
[96, 130, 116]
[110, 148, 123]
[137, 142, 102]
[94, 132, 117]
[116, 151, 127]
[87, 119, 106]
[133, 155, 132]
[29, 60, 42]
[80, 105, 83]
[95, 130, 110]
[183, 183, 133]
[135, 131, 102]
[109, 123, 98]
[111, 138, 129]
[64, 100, 88]
[129, 150, 141]
[122, 137, 114]
[130, 148, 136]
[112, 126, 113]
[139, 156, 140]
[185, 188, 145]
[144, 165, 146]
[148, 153, 130]
[125, 138, 128]
[140, 154, 137]
[44, 55, 47]
[103, 119, 109]
[114, 121, 79]
[125, 131, 85]
[114, 127, 83]
[130, 147, 137]
[58, 98, 89]
[119, 138, 110]
[136, 136, 108]
[132, 147, 152]
[81, 143, 142]
[97, 138, 120]
[96, 129, 108]
[83, 116, 97]
[31, 62, 46]
[100, 121, 102]
[108, 145, 114]
[96, 129, 120]
[100, 128, 129]
[119, 139, 128]
[127, 146, 127]
[95, 116, 121]
[159, 169, 135]
[115, 126, 122]
[150, 175, 156]
[86, 109, 89]
[154, 165, 159]
[136, 154, 130]
[96, 135, 116]
[114, 114, 102]
[153, 170, 152]
[118, 133, 128]
[66, 71, 51]
[120, 124, 89]
[93, 110, 100]
[78, 111, 100]
[67, 127, 127]
[107, 153, 150]
[51, 73, 61]
[81, 117, 105]
[65, 84, 90]
[68, 95, 90]
[85, 131, 131]
[101, 150, 129]
[40, 80, 69]
[125, 143, 101]
[115, 142, 111]
[74, 105, 87]
[109, 149, 125]
[106, 131, 109]
[147, 182, 149]
[120, 162, 148]
[141, 140, 110]
[139, 150, 133]
[135, 156, 151]
[146, 164, 152]
[95, 129, 115]
[86, 129, 110]
[125, 124, 93]
[63, 113, 104]
[123, 157, 143]
[129, 175, 162]
[122, 140, 118]
[158, 179, 162]
[60, 63, 32]
[81, 108, 93]
[135, 149, 126]
[90, 127, 133]
[106, 145, 142]
[78, 86, 71]
[96, 117, 86]
[93, 100, 59]
[48, 66, 70]
[80, 110, 98]
[52, 81, 79]
[105, 131, 96]
[142, 148, 104]
[104, 147, 140]
[127, 145, 147]
[117, 141, 115]
[114, 149, 142]
[100, 136, 126]
[123, 152, 121]
[72, 105, 98]
[95, 115, 103]
[124, 150, 141]
[94, 127, 116]
[118, 148, 148]
[104, 159, 154]
[123, 138, 141]
[154, 161, 154]
[99, 142, 132]
[66, 95, 90]
[111, 130, 110]
[81, 127, 114]
[123, 137, 138]
[71, 83, 59]
[89, 124, 128]
[66, 80, 89]
[101, 138, 147]
[20, 65, 71]
[17, 32, 37]
[100, 102, 65]
[91, 108, 115]
[91, 114, 120]
[53, 68, 63]
[70, 95, 102]
[59, 77, 65]
[70, 111, 115]
[76, 128, 139]
[115, 147, 146]
[110, 140, 148]
[86, 136, 124]
[58, 74, 64]
[114, 136, 134]
[42, 62, 60]
[71, 93, 91]
[112, 140, 141]
[88, 107, 101]
[47, 81, 80]
[117, 147, 135]
[123, 142, 138]
[145, 142, 101]
[102, 126, 128]
[94, 135, 129]
[135, 150, 143]
[125, 143, 121]
[75, 97, 95]
[57, 70, 50]
[69, 110, 116]
[96, 137, 131]
[70, 123, 129]
[14, 49, 51]
[108, 127, 125]
[60, 82, 79]
[63, 96, 111]
[29, 47, 57]
[26, 56, 80]
[15, 48, 63]
[32, 83, 78]
[49, 93, 96]
[70, 109, 114]
[74, 123, 127]
[87, 138, 123]
[94, 138, 149]
[44, 49, 52]
[52, 78, 75]
[93, 102, 75]
[46, 74, 62]
[140, 165, 172]
[92, 106, 91]
[99, 120, 103]
[63, 99, 113]
[113, 132, 128]
[145, 158, 140]
[41, 71, 71]
[139, 160, 155]
[135, 155, 146]
[162, 178, 149]
[57, 83, 84]
[46, 74, 62]
[22, 54, 53]
[19, 76, 70]
[16, 65, 79]
[19, 22, 13]
[115, 122, 114]
[137, 131, 117]
[7, 38, 32]
[47, 70, 50]
[35, 54, 68]
[43, 69, 82]
[18, 61, 68]
[91, 137, 127]
[105, 140, 144]
[78, 120, 132]
[50, 81, 86]
[33, 60, 67]
[98, 100, 87]
[5, 19, 19]
[60, 81, 64]
[74, 82, 59]
[40, 69, 64]
[72, 97, 93]
[121, 111, 101]
[76, 97, 90]
[114, 135, 126]
[107, 117, 119]
[145, 146, 104]
[130, 138, 140]
[154, 181, 162]
[114, 132, 116]
[163, 158, 116]
[35, 60, 30]
[126, 140, 114]
[17, 48, 66]
[55, 75, 84]
[100, 101, 95]
[103, 107, 70]
[80, 82, 43]
[11, 28, 36]
[44, 54, 56]
[14, 29, 36]
[28, 51, 67]
[26, 53, 46]
[86, 126, 115]
[22, 78, 79]
[62, 102, 94]
[48, 95, 101]
[60, 99, 104]
[54, 73, 69]
[75, 93, 77]
[106, 134, 111]
[116, 134, 96]
[143, 163, 126]
[102, 113, 73]
[25, 37, 25]
[163, 165, 154]
[137, 153, 142]
[11, 35, 21]
[92, 112, 119]
[92, 105, 98]
[140, 165, 144]
[109, 128, 122]
[129, 144, 137]
[41, 55, 42]
[70, 119, 124]
[21, 91, 99]
[86, 86, 62]
[40, 60, 51]
[57, 70, 63]
[132, 143, 113]
[43, 55, 51]
[51, 62, 58]
[39, 42, 33]
[86, 107, 108]
[79, 99, 100]
[91, 112, 107]
[17, 64, 58]
[35, 77, 76]
[45, 63, 65]
[84, 128, 131]
[128, 122, 72]
[0, 5, 7]
[76, 109, 98]
[109, 112, 101]
[107, 115, 94]
[78, 89, 91]
[89, 102, 74]
[121, 119, 106]
[65, 51, 40]
[201, 188, 172]
[108, 120, 118]
[81, 85, 70]
[112, 126, 126]
[93, 120, 111]
[132, 161, 165]
[37, 58, 49]
[56, 96, 95]
[15, 62, 78]
[36, 45, 40]
[0, 25, 33]
[91, 101, 74]
[179, 186, 153]
[87, 86, 92]
[49, 70, 65]
[60, 59, 54]
[7, 19, 33]
[38, 62, 64]
[13, 51, 60]
[176, 173, 128]
[59, 99, 107]
[8, 37, 45]
[46, 80, 79]
[152, 139, 120]
[90, 120, 128]
[127, 153, 142]
[195, 195, 135]
[66, 82, 81]
[148, 149, 117]
[130, 132, 95]
[70, 66, 67]
[76, 97, 88]
[103, 117, 104]
[19, 38, 45]
[57, 38, 32]
[26, 59, 78]
[47, 77, 87]
[0, 20, 33]
[76, 81, 41]
[22, 67, 73]
[32, 72, 74]
[47, 53, 43]
[30, 48, 52]
[95, 112, 104]
[13, 49, 37]
[93, 121, 122]
[32, 55, 63]
[216, 238, 192]
[21, 51, 62]
[95, 137, 135]
[76, 117, 111]
[76, 79, 62]
[83, 126, 109]
[48, 82, 83]
[105, 136, 130]
[169, 186, 142]
[173, 184, 168]
[34, 53, 60]
[126, 112, 83]
[167, 168, 124]
[202, 202, 150]
[170, 186, 149]
[121, 150, 122]
[102, 122, 111]
[114, 129, 108]
[127, 77, 70]
[80, 85, 65]
[27, 37, 28]
[99, 107, 128]
[9, 16, 34]
[28, 51, 57]
[26, 56, 58]
[8, 33, 40]
[14, 34, 41]
[6, 15, 22]
[60, 101, 93]
[0, 6, 0]
[44, 83, 80]
[85, 128, 82]
[102, 138, 110]
[151, 183, 162]
[70, 102, 99]
[55, 81, 82]
[74, 75, 59]
[42, 58, 57]
[51, 80, 75]
[79, 112, 103]
[67, 81, 66]
[46, 57, 40]
[181, 201, 152]
[89, 91, 77]
[187, 178, 85]
[121, 141, 104]
[73, 93, 82]
[93, 100, 92]
[76, 101, 69]
[89, 113, 89]
[52, 62, 64]
[121, 97, 71]
[11, 17, 13]
[0, 17, 27]
[80, 114, 113]
[103, 115, 105]
[96, 126, 126]
[0, 43, 50]
[7, 25, 29]
[77, 87, 86]
[80, 119, 118]
[201, 207, 161]
[120, 135, 92]
[110, 133, 107]
[75, 94, 74]
[90, 124, 87]
[62, 90, 91]
[127, 152, 131]
[64, 70, 60]
[118, 131, 105]
[154, 167, 160]
[131, 157, 132]
[124, 137, 107]
[122, 146, 122]
[110, 118, 81]
[144, 158, 133]
[89, 101, 79]
[95, 104, 101]
[75, 90, 85]
[42, 63, 58]
[93, 120, 105]
[76, 101, 79]
[97, 104, 96]
[23, 34, 54]
[32, 108, 132]
[11, 18, 34]
[14, 24, 36]
[164, 177, 149]
[48, 90, 88]
[16, 76, 84]
[11, 21, 33]
[12, 21, 36]
[25, 47, 44]
[116, 122, 96]
[137, 160, 116]
[62, 85, 56]
[102, 114, 110]
[123, 152, 122]
[144, 163, 144]
[118, 156, 131]
[143, 155, 109]
[106, 110, 83]
[123, 143, 131]
[79, 104, 83]
[167, 191, 157]
[12, 29, 19]
[78, 115, 97]
[139, 144, 114]
[55, 66, 49]
[116, 152, 138]
[75, 112, 104]
[47, 67, 42]
[70, 100, 90]
[12, 13, 17]
[24, 32, 53]
[25, 40, 61]
[52, 127, 158]
[66, 109, 125]
[40, 52, 64]
[78, 101, 73]
[92, 140, 140]
[46, 101, 108]
[16, 48, 63]
[15, 55, 63]
[90, 114, 101]
[153, 158, 126]
[85, 99, 63]
[70, 95, 74]
[30, 52, 50]
[67, 81, 58]
[122, 141, 111]
[28, 32, 33]
[78, 100, 62]
[90, 109, 89]
[127, 147, 120]
[68, 85, 75]
[122, 134, 96]
[132, 142, 90]
[0, 4, 0]
[112, 107, 75]
[120, 110, 74]
[17, 28, 24]
[26, 40, 27]
[56, 67, 53]
[47, 69, 66]
[13, 17, 28]
[26, 35, 64]
[31, 47, 73]
[51, 73, 94]
[32, 52, 79]
[15, 22, 32]
[98, 124, 121]
[4, 40, 36]
[8, 49, 53]
[38, 75, 81]
[54, 49, 53]
[19, 30, 26]
[66, 79, 69]
[125, 127, 103]
[0, 5, 0]
[2, 14, 12]
[81, 103, 82]
[148, 162, 129]
[37, 41, 42]
[88, 103, 72]
[83, 110, 79]
[124, 140, 127]
[83, 97, 84]
[128, 142, 109]
[110, 131, 90]
[47, 46, 28]
[116, 125, 96]
[116, 120, 95]
[34, 34, 42]
[132, 134, 94]
[123, 125, 101]
[62, 79, 86]
[40, 54, 81]
[33, 38, 68]
[28, 40, 64]
[37, 93, 120]
[12, 15, 30]
[18, 21, 40]
[58, 65, 57]
[39, 66, 75]
[15, 53, 66]
[7, 37, 47]
[27, 55, 66]
[15, 36, 39]
[121, 130, 111]
[158, 172, 147]
[122, 141, 137]
[18, 34, 23]
[75, 74, 46]
[161, 185, 159]
[32, 42, 43]
[91, 101, 92]
[40, 39, 35]
[131, 145, 119]
[64, 91, 74]
[101, 104, 73]
[115, 126, 86]
[80, 90, 99]
[66, 83, 77]
[63, 66, 55]
[52, 67, 60]
[105, 114, 93]
[40, 68, 56]
[92, 112, 101]
[12, 24, 24]
[84, 79, 86]
[14, 21, 37]
[76, 153, 173]
[19, 49, 83]
[35, 68, 85]
[44, 78, 80]
[22, 25, 30]
[54, 87, 102]
[11, 35, 45]
[20, 68, 72]
[13, 27, 36]
[100, 101, 95]
[56, 78, 65]
[144, 161, 117]
[57, 85, 62]
[0, 3, 2]
[135, 164, 133]
[50, 46, 43]
[89, 99, 64]
[47, 68, 53]
[116, 138, 125]
[132, 127, 87]
[61, 68, 61]
[34, 46, 46]
[102, 122, 121]
[33, 32, 28]
[14, 33, 29]
[89, 111, 109]
[37, 52, 33]
[86, 121, 123]
[53, 65, 63]
[90, 96, 96]
[36, 39, 56]
[19, 31, 57]
[2, 52, 85]
[18, 50, 75]
[24, 40, 56]
[47, 71, 73]
[100, 128, 114]
[99, 138, 135]
[3, 9, 21]
[121, 141, 132]
[26, 51, 58]
[6, 16, 18]
[0, 1, 0]
[71, 80, 77]
[35, 68, 73]
[6, 15, 10]
[174, 191, 157]
[35, 48, 56]
[5, 36, 31]
[68, 92, 70]
[125, 136, 122]
[22, 27, 20]
[22, 47, 44]
[89, 134, 140]
[88, 114, 105]
[35, 44, 41]
[14, 42, 43]
[83, 101, 79]
[86, 95, 68]
[49, 84, 86]
[58, 72, 73]
[27, 46, 76]
[101, 99, 112]
[50, 39, 73]
[84, 72, 56]
[87, 84, 79]
[0, 8, 21]
[98, 135, 127]
[42, 69, 62]
[91, 91, 99]
[63, 79, 79]
[70, 92, 105]
[15, 30, 35]
[16, 17, 22]
[156, 141, 134]
[0, 4, 0]
[9, 15, 15]
[12, 26, 27]
[171, 179, 132]
[18, 43, 48]
[32, 45, 54]
[77, 98, 89]
[113, 141, 127]
[79, 92, 66]
[49, 56, 48]
[41, 51, 53]
[96, 119, 125]
[96, 104, 93]
[5, 23, 23]
[135, 151, 138]
[59, 76, 60]
[17, 52, 54]
[89, 109, 108]
[79, 95, 82]
[49, 51, 64]
[59, 44, 65]
[62, 33, 38]
[21, 87, 113]
[72, 105, 122]
[77, 88, 74]
[70, 112, 102]
[141, 170, 150]
[179, 198, 192]
[159, 176, 168]
[128, 121, 105]
[23, 53, 43]
[171, 166, 147]
[43, 49, 49]
[132, 144, 124]
[58, 81, 71]
[110, 138, 116]
[4, 31, 38]
[8, 18, 10]
[45, 65, 64]
[114, 145, 113]
[94, 109, 88]
[159, 172, 119]
[60, 65, 42]
[93, 118, 99]
[74, 84, 83]
[96, 100, 77]
[73, 106, 95]
[53, 65, 51]
[0, 8, 11]
[43, 61, 71]
[51, 98, 90]
[31, 31, 41]
[43, 36, 54]
[14, 22, 41]
[9, 29, 66]
[39, 71, 94]
[145, 163, 139]
[143, 160, 141]
[153, 161, 138]
[104, 97, 87]
[96, 117, 112]
[107, 133, 124]
[32, 60, 48]
[199, 203, 166]
[20, 31, 37]
[110, 131, 112]
[76, 96, 84]
[142, 160, 120]
[59, 79, 78]
[114, 143, 113]
[14, 33, 40]
[67, 90, 74]
[55, 63, 52]
[136, 160, 136]
[140, 127, 75]
[81, 85, 62]
[55, 67, 63]
[50, 70, 61]
[51, 94, 84]
[23, 24, 26]
[126, 145, 123]
[120, 151, 136]
[57, 98, 100]
[12, 10, 24]
[10, 12, 24]
[22, 60, 83]
[18, 45, 74]
[7, 39, 64]
[132, 156, 132]
[151, 180, 152]
[101, 114, 96]
[102, 130, 115]
[87, 112, 106]
[99, 98, 93]
[78, 84, 106]
[179, 162, 136]
[41, 61, 50]
[86, 88, 85]
[68, 90, 77]
[97, 139, 119]
[0, 17, 27]
[108, 142, 118]
[116, 143, 128]
[49, 72, 78]
[15, 30, 11]
[123, 146, 136]
[94, 120, 107]
[52, 61, 60]
[57, 59, 46]
[8, 17, 22]
[99, 135, 131]
[4, 19, 24]
[21, 48, 67]
[36, 66, 90]
[56, 84, 95]
[38, 40, 53]
[25, 36, 38]
[22, 58, 92]
[21, 52, 80]
[28, 40, 38]
[125, 143, 143]
[83, 112, 94]
[108, 104, 93]
[139, 128, 132]
[187, 160, 153]
[49, 73, 97]
[155, 138, 128]
[177, 161, 136]
[111, 125, 126]
[20, 31, 17]
[54, 68, 55]
[105, 134, 112]
[7, 26, 43]
[112, 128, 101]
[104, 130, 103]
[25, 41, 56]
[32, 46, 33]
[85, 108, 100]
[119, 148, 126]
[54, 82, 70]
[28, 41, 31]
[48, 67, 73]
[71, 85, 88]
[128, 150, 127]
[114, 147, 128]
[99, 137, 138]
[49, 79, 79]
[4, 14, 26]
[9, 17, 20]
[32, 51, 81]
[12, 39, 69]
[88, 112, 112]
[62, 82, 81]
[24, 68, 69]
[60, 92, 81]
[40, 80, 82]
[77, 98, 103]
[60, 71, 91]
[88, 84, 83]
[64, 84, 93]
[31, 55, 83]
[135, 149, 116]
[33, 42, 75]
[127, 145, 131]
[79, 86, 79]
[19, 33, 20]
[129, 154, 133]
[65, 60, 56]
[28, 42, 42]
[111, 141, 133]
[112, 144, 129]
[14, 27, 44]
[17, 38, 57]
[116, 144, 129]
[114, 138, 124]
[63, 87, 99]
[35, 71, 87]
[65, 123, 111]
[72, 121, 117]
[28, 59, 61]
[18, 36, 36]
[26, 52, 87]
[46, 72, 97]
[30, 46, 59]
[52, 82, 82]
[117, 133, 97]
[80, 102, 81]
[51, 92, 98]
[81, 92, 78]
[64, 79, 76]
[97, 118, 123]
[55, 71, 86]
[35, 78, 113]
[104, 94, 95]
[67, 83, 98]
[82, 102, 90]
[64, 79, 76]
[183, 172, 142]
[126, 144, 122]
[99, 110, 78]
[19, 25, 25]
[151, 165, 148]
[111, 147, 133]
[17, 27, 28]
[16, 44, 65]
[95, 124, 102]
[117, 137, 110]
[64, 82, 68]
[68, 90, 87]
[35, 82, 88]
[31, 44, 60]
[58, 80, 77]
[17, 17, 25]
[10, 53, 88]
[0, 21, 43]
[18, 28, 40]
[90, 85, 65]
[69, 88, 86]
[93, 105, 69]
[170, 184, 169]
[111, 134, 116]
[35, 52, 80]
[139, 161, 140]
[97, 128, 122]
[77, 104, 133]
[156, 183, 148]
[44, 84, 146]
[145, 158, 132]
[149, 167, 151]
[17, 46, 78]
[119, 117, 96]
[130, 157, 124]
[119, 140, 123]
[26, 41, 60]
[93, 118, 96]
[111, 144, 149]
[130, 158, 170]
[40, 71, 92]
[60, 86, 85]
[84, 118, 94]
[118, 147, 129]
[170, 188, 146]
[61, 96, 102]
[43, 64, 67]
[0, 3, 12]
[8, 25, 41]
[0, 15, 36]
[11, 35, 45]
[83, 86, 69]
[45, 73, 35]
[83, 110, 77]
[34, 67, 98]
[87, 97, 99]
[86, 95, 102]
[76, 97, 88]
[16, 59, 101]
[161, 190, 185]
[141, 158, 148]
[96, 104, 123]
[87, 93, 79]
[125, 137, 127]
[110, 113, 96]
[13, 50, 95]
[127, 142, 109]
[115, 123, 108]
[113, 95, 91]
[54, 82, 85]
[119, 125, 115]
[111, 129, 129]
[65, 74, 79]
[27, 50, 58]
[67, 108, 112]
[129, 117, 103]
[168, 185, 151]
[113, 114, 98]
[31, 50, 64]
[16, 38, 52]
[0, 34, 52]
[31, 51, 49]
[24, 56, 69]
[110, 109, 117]
[89, 112, 120]
[124, 152, 166]
[31, 84, 116]
[93, 140, 170]
[33, 44, 66]
[74, 93, 71]
[42, 59, 66]
[110, 123, 113]
[150, 164, 139]
[94, 108, 109]
[79, 88, 97]
[63, 77, 78]
[148, 171, 153]
[85, 92, 76]
[38, 64, 81]
[125, 121, 118]
[115, 128, 110]
[102, 119, 101]
[96, 111, 118]
[104, 141, 147]
[89, 93, 76]
[100, 129, 137]
[110, 134, 136]
[42, 61, 65]
[127, 130, 119]
[138, 169, 135]
[76, 114, 103]
[21, 52, 47]
[68, 114, 103]
[6, 31, 36]
[12, 35, 49]
